90001	33.97	-118.24
90002	33.94	-118.24
90003	33.96	-118.27
90004	34.07	-118.31
90005	34.05	-118.31
90006	34.04	-118.29
90007	34.02	-118.28
90008	34	-118.34
90009	33.94	-118.38
90010	34.06	-118.31
90011	34	-118.25
90012	34.06	-118.24
90013	34.04	-118.24
90014	34.04	-118.25
90015	34.03	-118.26
90016	34.02	-118.35
90017	34.05	-118.26
90018	34.02	-118.31
90019	34.04	-118.34
90020	34.06	-118.31
90021	34.03	-118.24
90022	34.02	-118.15
90023	34.01	-118.2
90024	34.06	-118.43
90025	34.04	-118.44
90026	34.07	-118.26
90027	34.12	-118.28
90028	34.1	-118.32
90029	34.09	-118.29
90030	34.06	-118.23
90031	34.08	-118.2
90032	34.08	-118.17
90033	34.04	-118.21
90034	34.02	-118.39
90035	34.05	-118.38
90036	34.06	-118.35
90037	34	-118.28
90038	34.08	-118.32
90039	34.11	-118.26
90040	33.99	-118.14
90041	34.13	-118.2
90042	34.11	-118.19
90043	33.98	-118.33
90044	33.95	-118.29
90045	33.95	-118.4
90046	34.1	-118.37
90047	33.95	-118.3
90048	34.07	-118.37
90049	34.08	-118.49
90050	34.12	-118.2
90051	34.06	-118.24
90052	33.97	-118.25
90053	34.05	-118.23
90054	34.06	-118.23
90055	34.04	-118.25
90056	33.98	-118.37
90057	34.06	-118.27
90058	34	-118.21
90059	33.92	-118.24
90060	33.99	-118.42
90061	33.92	-118.27
90062	34	-118.3
90063	34.04	-118.18
90064	34.03	-118.43
90065	34.1	-118.22
90066	34	-118.43
90067	34.05	-118.41
90068	34.13	-118.33
90069	34.09	-118.38
90070	34.06	-118.31
90071	34.05	-118.25
90072	34.09	-118.3
90073	34.05	-118.45
90074	34.05	-118.26
90075	34.06	-118.31
90076	34.06	-118.31
90077	34.1	-118.45
90078	34.1	-118.32
90079	34.04	-118.25
90080	33.95	-118.39
90081	34.05	-118.26
90082	34	-118.27
90083	33.95	-118.39
90084	34.05	-118.26
90086	34.06	-118.23
90087	34.06	-118.23
90088	34.05	-118.26
90089	34.01	-118.28
90090	34.07	-118.24
90091	33.99	-118.15
90093	34.09	-118.33
90094	33.97	-118.43
90095	34.07	-118.44
90096	33.96	-118.17
90099	34.06	-118.23
90101	33.99	-118.16
90102	34.01	-118.19
90103	33.99	-118.16
90189	34.06	-118.25
90201	33.97	-118.15
90202	33.96	-118.15
90209	34.07	-118.39
90210	34.09	-118.41
90211	34.06	-118.38
90212	34.06	-118.4
90213	34.05	-118.4
90220	33.87	-118.24
90221	33.87	-118.21
90222	33.91	-118.23
90223	33.89	-118.22
90224	33.87	-118.26
90230	33.99	-118.39
90231	33.99	-118.39
90232	34.02	-118.39
90233	33.98	-118.38
90239	33.93	-118.11
90240	33.95	-118.12
90241	33.94	-118.13
90242	33.92	-118.14
90245	33.91	-118.4
90247	33.89	-118.29
90248	33.88	-118.27
90249	33.89	-118.31
90250	33.91	-118.34
90251	33.91	-118.36
90254	33.86	-118.39
90255	33.97	-118.21
90260	33.88	-118.35
90261	33.89	-118.37
90262	33.92	-118.2
90263	34.03	-118.7
90264	34.04	-118.77
90265	34.06	-118.81
90266	33.88	-118.4
90267	33.87	-118.39
90270	33.98	-118.18
90272	34.07	-118.54
90274	33.77	-118.34
90275	33.75	-118.31
90277	33.83	-118.38
90278	33.87	-118.37
90280	33.94	-118.2
90290	34.1	-118.6
90291	33.99	-118.46
90292	33.97	-118.43
90293	33.94	-118.44
90294	33.98	-118.47
90295	33.97	-118.43
90296	33.95	-118.44
90301	33.95	-118.36
90302	33.97	-118.35
90303	33.93	-118.33
90304	33.93	-118.36
90305	33.95	-118.33
90306	33.95	-118.35
90307	33.95	-118.37
90308	33.95	-118.35
90309	33.97	-118.35
90310	33.93	-118.32
90311	33.95	-118.35
90312	33.96	-118.35
90313	33.96	-118.35
90397	33.96	-118.35
90398	33.96	-118.35
90401	34.01	-118.49
90402	34.03	-118.5
90403	34.03	-118.49
90404	34.02	-118.47
90405	34.01	-118.46
90406	34.01	-118.49
90407	34.01	-118.49
90408	34.02	-118.48
90409	34	-118.48
90410	34.01	-118.46
90411	34.01	-118.46
90501	33.83	-118.31
90502	33.83	-118.29
90503	33.84	-118.35
90504	33.86	-118.33
90505	33.8	-118.35
90506	33.88	-118.33
90507	33.83	-118.31
90508	33.83	-118.31
90509	33.84	-118.32
90510	33.82	-118.32
90601	34	-118.03
90602	33.97	-118.01
90603	33.94	-117.99
90604	33.93	-118
90605	33.94	-118.03
90606	33.98	-118.06
90607	33.96	-118.02
90608	33.97	-118.02
90609	33.97	-118.03
90610	33.96	-118.07
90612	33.96	-118.02
90620	33.84	-118
90621	33.87	-117.99
90622	33.84	-118
90623	33.85	-118.04
90624	33.85	-118
90630	33.81	-118.03
90631	33.94	-117.95
90632	33.91	-117.95
90633	33.93	-117.94
90637	33.89	-118
90638	33.9	-118
90639	33.9	-118.01
90640	34	-118.1
90650	33.9	-118.07
90651	33.9	-118.07
90652	33.91	-118.07
90659	33.9	-118.07
90660	33.98	-118.08
90661	34	-118.08
90662	33.96	-118.09
90670	33.92	-118.06
90671	33.93	-118.06
90680	33.79	-117.99
90701	33.86	-118.08
90702	33.86	-118.08
90703	33.86	-118.05
90704	33.38	-118.45
90706	33.88	-118.13
90707	33.88	-118.12
90710	33.79	-118.29
90711	33.84	-118.14
90712	33.84	-118.14
90713	33.85	-118.11
90714	33.85	-118.13
90715	33.84	-118.07
90716	33.83	-118.07
90717	33.79	-118.31
90720	33.79	-118.06
90721	33.8	-118.07
90723	33.89	-118.16
90731	33.73	-118.29
90732	33.73	-118.31
90733	33.7	-118.29
90734	33.75	-118.3
90740	33.75	-118.07
90742	33.71	-118.07
90743	33.72	-118.08
90744	33.77	-118.26
90745	33.82	-118.26
90746	33.86	-118.25
90747	33.86	-118.25
90748	33.78	-118.26
90749	33.82	-118.26
90755	33.8	-118.16
90801	33.77	-118.18
90802	33.75	-118.2
90803	33.75	-118.13
90804	33.78	-118.14
90805	33.86	-118.18
90806	33.81	-118.18
90807	33.83	-118.18
90808	33.82	-118.11
90809	33.76	-118.12
90810	33.81	-118.22
90813	33.78	-118.18
90814	33.77	-118.14
90815	33.79	-118.12
90822	33.77	-118.11
90831	33.76	-118.2
90832	33.76	-118.19
90833	33.76	-118.2
90834	33.76	-118.2
90835	33.76	-118.2
90840	33.78	-118.12
90842	33.81	-118.16
90844	33.77	-118.19
90845	33.77	-118.18
90846	33.82	-118.11
90847	33.83	-118.19
90848	33.83	-118.18
90853	33.75	-118.13
90888	33.77	-118.18
90895	33.83	-118.21
90899	33.77	-118.19
91001	34.2	-118.13
91003	34.18	-118.13
91006	34.13	-118.02
91007	34.12	-118.05
91008	34.14	-117.96
91009	34.13	-117.96
91010	34.13	-117.94
91011	34.23	-118.14
91012	34.2	-118.19
91016	34.15	-117.99
91017	34.13	-117.98
91020	34.21	-118.23
91021	34.2	-118.22
91023	34.22	-118.09
91024	34.2	-118.05
91025	34.16	-118.05
91030	34.11	-118.15
91031	34.11	-118.15
91040	34.26	-118.32
91041	34.26	-118.31
91042	34.29	-118.25
91043	34.25	-118.29
91046	34.21	-118.24
91066	34.14	-118.02
91077	34.12	-118.05
91101	34.14	-118.13
91102	34.14	-118.14
91103	34.17	-118.17
91104	34.16	-118.12
91105	34.14	-118.16
91106	34.13	-118.13
91107	34.16	-118.08
91108	34.12	-118.11
91109	34.16	-118.16
91110	34.15	-118.15
91114	34.16	-118.13
91115	34.13	-118.15
91116	34.14	-118.13
91117	34.14	-118.09
91118	34.12	-118.09
91121	34.15	-118.09
91123	34.14	-118.15
91124	34.14	-118.15
91125	34.13	-118.12
91126	34.13	-118.12
91129	34.14	-118.15
91131	34.15	-118.15
91182	34.14	-118.14
91184	34.13	-118.16
91185	34.16	-117.98
91188	34.14	-118.14
91189	34.12	-118.16
91191	34.15	-118.15
91199	34.17	-118.12
91201	34.17	-118.29
91202	34.16	-118.26
91203	34.15	-118.26
91204	34.13	-118.26
91205	34.13	-118.24
91206	34.16	-118.2
91207	34.18	-118.25
91208	34.19	-118.24
91209	34.14	-118.25
91210	34.14	-118.25
91214	34.23	-118.24
91221	34.16	-118.28
91222	34.16	-118.26
91224	34.23	-118.25
91225	34.12	-118.25
91226	34.16	-118.21
91301	34.12	-118.76
91302	34.11	-118.67
91303	34.19	-118.6
91304	34.22	-118.59
91305	34.2	-118.6
91306	34.2	-118.57
91307	34.2	-118.69
91308	34.2	-118.59
91309	34.21	-118.59
91310	34.49	-118.61
91311	34.28	-118.61
91313	34.23	-118.58
91316	34.15	-118.52
91319	34.18	-118.91
91320	34.17	-118.95
91321	34.36	-118.47
91322	34.38	-118.53
91324	34.24	-118.55
91325	34.23	-118.51
91326	34.28	-118.55
91327	34.27	-118.55
91328	34.22	-118.53
91329	34.24	-118.53
91330	34.24	-118.5
91331	34.25	-118.41
91333	34.26	-118.42
91334	34.24	-118.42
91335	34.2	-118.54
91337	34.2	-118.53
91340	34.28	-118.44
91341	34.28	-118.44
91342	34.32	-118.38
91343	34.23	-118.47
91344	34.29	-118.5
91345	34.27	-118.45
91346	34.26	-118.46
91350	34.43	-118.51
91351	34.43	-118.46
91352	34.23	-118.34
91353	34.21	-118.36
91354	34.46	-118.57
91355	34.41	-118.56
91356	34.15	-118.54
91357	34.17	-118.54
91358	34.18	-118.87
91359	34.19	-118.82
91360	34.21	-118.88
91361	34.14	-118.89
91362	34.19	-118.81
91363	34.14	-118.8
91364	34.15	-118.6
91365	34.16	-118.6
91367	34.17	-118.61
91371	34.18	-118.57
91372	34.15	-118.64
91376	34.14	-118.75
91377	34.19	-118.76
91380	34.49	-118.39
91381	34.37	-118.61
91382	34.41	-118.51
91383	34.36	-118.45
91384	34.51	-118.68
91385	34.38	-118.56
91386	34.41	-118.45
91387	34.4	-118.4
91388	34.2	-118.47
91390	34.53	-118.4
91392	34.3	-118.43
91393	34.22	-118.46
91394	34.26	-118.52
91395	34.25	-118.46
91396	34.2	-118.57
91399	34.16	-118.6
91401	34.17	-118.43
91402	34.22	-118.44
91403	34.14	-118.46
91404	34.17	-118.43
91405	34.2	-118.44
91406	34.19	-118.49
91407	34.19	-118.44
91408	34.17	-118.43
91409	34.2	-118.49
91410	34.2	-118.49
91411	34.17	-118.46
91412	34.22	-118.44
91413	34.16	-118.45
91416	34.17	-118.51
91423	34.14	-118.42
91426	34.15	-118.51
91436	34.15	-118.49
91470	34.17	-118.61
91482	34.2	-118.47
91495	34.15	-118.44
91496	34.16	-118.45
91497	34.2	-118.47
91499	34.2	-118.45
91501	34.19	-118.29
91502	34.17	-118.31
91503	34.18	-118.3
91504	34.2	-118.3
91505	34.17	-118.34
91506	34.17	-118.32
91507	34.16	-118.34
91508	34.19	-118.32
91510	34.17	-118.34
91521	34.15	-118.32
91522	34.14	-118.33
91523	34.16	-118.33
91526	34.19	-118.32
91601	34.16	-118.37
91602	34.15	-118.36
91603	34.16	-118.37
91604	34.13	-118.39
91605	34.2	-118.39
91606	34.18	-118.39
91607	34.16	-118.4
91608	34.13	-118.35
91609	34.18	-118.38
91610	34.15	-118.37
91611	34.18	-118.39
91612	34.18	-118.39
91614	34.14	-118.39
91615	34.19	-118.39
91616	34.18	-118.39
91617	34.16	-118.4
91618	34.11	-118.36
91701	34.14	-117.61
91702	34.17	-117.87
91706	34.09	-117.96
91708	34.02	-117.68
91709	33.94	-117.72
91710	33.98	-117.65
91711	34.12	-117.71
91714	34.01	-117.95
91715	34.01	-117.97
91716	34	-117.97
91722	34.09	-117.9
91723	34.08	-117.88
91724	34.07	-117.84
91729	34.09	-117.56
91730	34.09	-117.58
91731	34.08	-118.03
91732	34.07	-118.01
91733	34.04	-118.04
91734	34.07	-118.03
91735	34.07	-118.02
91737	34.19	-117.61
91739	34.14	-117.51
91740	34.11	-117.85
91741	34.14	-117.85
91743	34.06	-117.58
91744	34.02	-117.93
91745	34	-117.97
91746	34.04	-117.98
91747	34.02	-117.94
91748	33.97	-117.9
91749	34.03	-117.95
91750	34.15	-117.76
91752	33.99	-117.53
91754	34.05	-118.14
91755	34.05	-118.11
91756	34.04	-118.13
91758	34.05	-117.6
91759	34.2	-117.7
91761	34.02	-117.58
91762	34.04	-117.67
91763	34.07	-117.7
91764	34.07	-117.62
91765	33.99	-117.81
91766	34.03	-117.75
91767	34.08	-117.73
91768	34.06	-117.79
91769	34.06	-117.75
91770	34.06	-118.08
91771	34.06	-118.08
91772	34.06	-118.08
91773	34.1	-117.81
91775	34.11	-118.08
91776	34.08	-118.09
91778	34.1	-118.1
91780	34.1	-118.05
91784	34.14	-117.65
91785	34.09	-117.64
91786	34.1	-117.66
91788	34.01	-117.86
91789	34.01	-117.85
91790	34.06	-117.94
91791	34.06	-117.89
91792	34.02	-117.89
91793	34.06	-117.92
91795	34.02	-117.85
91797	34.08	-117.96
91798	34.06	-117.61
91799	34.05	-117.75
91801	34.09	-118.13
91802	34.09	-118.12
91803	34.07	-118.14
91804	34.09	-118.12
91841	34.09	-118.12
91896	34.09	-118.12
91899	34.08	-118.13
91901	32.8	-116.71
91902	32.67	-117.01
91903	32.83	-116.76
91905	32.67	-116.31
91906	32.68	-116.47
91908	32.65	-117.02
91909	32.61	-117.06
91910	32.63	-117.05
91911	32.61	-117.03
91912	32.64	-117.08
91913	32.64	-116.98
91914	32.66	-116.94
91915	32.6	-116.93
91916	32.9	-116.62
91917	32.62	-116.67
91921	32.65	-116.95
91931	32.83	-116.58
91932	32.57	-117.11
91933	32.58	-117.11
91934	32.63	-116.18
91935	32.69	-116.8
91941	32.75	-116.99
91942	32.78	-117.01
91943	32.77	-117.01
91944	32.76	-117.02
91945	32.73	-117.03
91946	32.74	-117.03
91947	32.66	-117.07
91948	32.87	-116.46
91950	32.67	-117.09
91951	32.67	-117.09
91962	32.78	-116.48
91963	32.63	-116.59
91976	32.74	-116.98
91977	32.71	-116.99
91978	32.71	-116.94
91979	32.73	-116.97
91980	32.59	-116.58
91987	32.59	-116.64
91990	32.6	-116.61
92003	33.28	-117.19
92004	33.17	-116.27
92007	33.01	-117.27
92008	33.13	-117.3
92009	33.09	-117.27
92010	33.15	-117.28
92011	33.1	-117.29
92013	33.15	-117.35
92014	32.96	-117.25
92018	33.16	-117.34
92019	32.77	-116.86
92020	32.79	-116.96
92021	32.84	-116.88
92022	32.73	-116.91
92023	33.03	-117.29
92024	33.05	-117.25
92025	33.09	-116.94
92026	33.22	-117.1
92027	33.13	-116.98
92028	33.39	-117.29
92029	33.08	-117.13
92030	33.13	-117.05
92033	33.12	-117.08
92036	32.99	-116.41
92037	32.86	-117.24
92038	32.85	-117.25
92039	32.84	-117.27
92040	32.9	-116.89
92046	33.12	-117.1
92049	33.19	-117.37
92051	33.19	-117.36
92052	33.19	-117.36
92054	33.35	-117.43
92055	33.29	-117.3
92056	33.2	-117.29
92057	33.27	-117.28
92058	33.18	-117.29
92059	33.38	-117.07
92060	33.31	-116.84
92061	33.3	-116.92
92064	32.97	-117.02
92065	33.07	-116.83
92066	33.21	-116.47
92067	33.02	-117.19
92068	33.27	-117.27
92069	33.15	-117.17
92070	33.18	-116.73
92071	32.85	-116.99
92072	32.83	-117.03
92074	32.95	-117.03
92075	32.99	-117.25
92078	33.11	-117.16
92079	33.14	-117.16
92081	33.18	-117.24
92082	33.25	-116.98
92083	33.18	-117.24
92084	33.21	-117.2
92085	33.19	-117.23
92086	33.28	-116.6
92088	33.36	-117.25
92090	32.79	-116.96
92091	33.05	-117.19
92092	32.87	-117.23
92093	32.88	-117.23
92096	33.13	-117.17
92101	32.71	-117.16
92102	32.72	-117.09
92103	32.74	-117.17
92104	32.73	-117.12
92105	32.73	-117.08
92106	32.72	-117.23
92107	32.73	-117.24
92108	32.77	-117.1
92109	32.79	-117.23
92110	32.77	-117.18
92111	32.8	-117.16
92112	32.72	-117.16
92113	32.69	-117.11
92114	32.71	-117.05
92115	32.75	-117.07
92116	32.76	-117.12
92117	32.81	-117.19
92118	32.65	-117.14
92119	32.81	-117.03
92120	32.79	-117.06
92121	32.9	-117.2
92122	32.85	-117.2
92123	32.8	-117.13
92124	32.82	-117.08
92126	32.88	-117.13
92127	33.02	-117.12
92128	32.99	-117.07
92129	32.96	-117.12
92130	32.95	-117.19
92131	32.89	-117.07
92132	32.71	-117.16
92133	32.72	-117.21
92134	32.72	-117.14
92135	32.7	-117.18
92136	32.67	-117.11
92137	32.88	-117.1
92138	32.76	-117.2
92139	32.68	-117.04
92140	32.73	-117.19
92142	32.83	-117.09
92143	32.56	-116.97
92145	32.87	-117.15
92147	32.7	-117.2
92149	32.67	-117.06
92150	32.98	-117.08
92152	32.69	-117.24
92153	32.56	-117.08
92154	32.56	-117.01
92155	32.67	-117.16
92158	32.56	-116.97
92159	32.8	-117.03
92160	32.78	-117.09
92161	32.88	-117.22
92162	32.71	-117.12
92163	32.74	-117.16
92164	32.74	-117.12
92165	32.74	-117.1
92166	32.72	-117.23
92167	32.74	-117.24
92168	32.76	-117.15
92169	32.79	-117.25
92170	32.69	-117.13
92171	32.78	-117.17
92172	32.96	-117.13
92173	32.55	-117.04
92174	32.7	-117.08
92175	32.76	-117.06
92176	32.76	-117.12
92177	32.82	-117.19
92178	32.68	-117.17
92179	32.56	-116.97
92182	32.76	-117.07
92184	32.71	-117.16
92186	32.74	-117.2
92187	32.72	-117.16
92190	32.78	-117.09
92191	32.9	-117.21
92192	32.85	-117.21
92193	32.8	-117.14
92194	32.8	-117.13
92195	32.74	-117.05
92196	32.91	-117.12
92197	32.83	-117.2
92198	32.99	-117.07
92199	32.99	-117.07
92201	33.71	-116.23
92202	33.66	-116.29
92203	33.75	-116.23
92210	33.7	-116.33
92211	33.77	-116.34
92220	33.92	-116.83
92222	32.79	-114.53
92223	33.94	-116.97
92225	33.75	-114.51
92226	33.6	-114.58
92227	33.02	-115.45
92230	33.93	-116.77
92231	32.69	-115.51
92232	32.67	-115.5
92233	33.13	-115.52
92234	33.82	-116.45
92235	33.77	-116.46
92236	33.7	-116.17
92239	33.85	-115.29
92240	33.92	-116.48
92241	33.83	-116.29
92242	34.15	-114.33
92243	32.77	-115.6
92244	32.79	-115.57
92247	33.66	-116.31
92248	33.66	-116.31
92249	32.73	-115.47
92250	32.83	-115.19
92251	32.86	-115.65
92252	34.15	-116.27
92253	33.65	-116.27
92254	33.55	-115.97
92255	33.74	-116.36
92256	34.1	-116.58
92257	33.3	-115.55
92258	33.9	-116.56
92259	32.72	-115.88
92260	33.7	-116.4
92261	33.61	-116.42
92262	33.85	-116.56
92263	33.87	-116.56
92264	33.72	-116.51
92266	33.32	-114.71
92267	34.28	-114.18
92268	34.21	-116.52
92270	33.78	-116.41
92273	32.79	-115.69
92274	33.48	-116.1
92275	33.28	-115.92
92276	33.8	-116.36
92277	34.24	-115.86
92278	34.27	-116.1
92280	34.14	-114.52
92281	33.03	-115.55
92282	33.94	-116.65
92283	32.87	-114.72
92284	34.15	-116.41
92285	34.33	-116.51
92286	34.18	-116.4
92292	33.83	-116.54
92301	34.66	-117.51
92304	34.45	-115.54
92305	34.18	-116.86
92307	34.57	-117.15
92308	34.42	-117.14
92309	35.31	-116.04
92310	35.3	-116.74
92311	34.97	-116.99
92312	34.97	-117.05
92313	34.03	-117.31
92314	34.26	-116.84
92315	34.23	-116.86
92316	34.06	-117.39
92317	34.25	-117.21
92318	34.04	-117.23
92320	33.97	-117.05
92321	34.25	-117.16
92322	34.25	-117.32
92323	35.2	-115.42
92324	34.01	-117.27
92325	34.25	-117.3
92326	34.24	-117.2
92327	34.86	-116.81
92328	36.29	-116.45
92329	34.35	-117.6
92331	34.06	-117.44
92332	34.96	-115.31
92333	34.27	-116.94
92334	34.07	-117.46
92335	34.08	-117.46
92336	34.14	-117.45
92337	34.05	-117.46
92338	34.72	-116.15
92339	34.08	-116.9
92340	34.41	-117.27
92341	34.24	-117.07
92342	34.74	-117.35
92344	34.39	-117.39
92345	34.36	-117.32
92346	34.13	-117.15
92347	34.95	-117.18
92350	34.05	-117.26
92352	34.27	-117.19
92354	34.05	-117.24
92356	34.52	-116.88
92357	34.05	-117.25
92358	34.25	-117.54
92359	34.1	-117.04
92363	34.78	-114.59
92364	35.49	-115.45
92365	34.85	-116.51
92366	35.47	-115.52
92368	34.65	-117.29
92369	34.13	-117.22
92371	34.42	-117.48
92372	34.47	-117.62
92373	34	-117.12
92374	34.06	-117.17
92375	34.05	-117.19
92376	34.1	-117.38
92377	34.16	-117.39
92378	34.21	-117.24
92382	34.18	-117.08
92384	35.97	-116.2
92385	34.23	-117.18
92386	34.24	-116.82
92389	35.85	-116.22
92391	34.23	-117.23
92392	34.49	-117.36
92393	34.48	-117.31
92394	34.57	-117.33
92395	34.48	-117.36
92397	34.36	-117.61
92398	34.98	-116.78
92399	34.04	-117.01
92401	34.1	-117.29
92402	34.07	-117.46
92403	34.1	-117.27
92404	34.17	-117.24
92405	34.14	-117.3
92406	34.13	-117.28
92407	34.22	-117.37
92408	34.07	-117.25
92410	34.1	-117.27
92411	34.12	-117.32
92412	34.08	-117.26
92413	34.14	-117.25
92414	34.18	-117.26
92415	34.12	-117.26
92418	34.1	-117.29
92423	34.1	-117.28
92424	34.14	-117.3
92427	34.19	-117.34
92501	33.99	-117.38
92502	33.98	-117.37
92503	33.89	-117.44
92504	33.9	-117.4
92505	33.93	-117.49
92506	33.92	-117.36
92507	33.96	-117.31
92508	33.89	-117.32
92509	33.99	-117.44
92513	33.91	-117.46
92514	33.94	-117.41
92515	33.91	-117.48
92516	33.95	-117.39
92517	33.96	-117.43
92518	33.89	-117.27
92519	33.99	-117.41
92521	33.97	-117.34
92522	33.94	-117.39
92530	33.68	-117.37
92531	33.6	-117.39
92532	33.71	-117.34
92536	33.5	-116.81
92539	33.53	-116.68
92543	33.66	-116.98
92544	33.64	-116.83
92545	33.73	-117.05
92546	33.74	-116.97
92548	33.75	-117.11
92549	33.76	-116.73
92551	33.87	-117.22
92552	33.92	-117.24
92553	33.92	-117.24
92554	33.91	-117.25
92555	33.9	-117.1
92556	33.96	-117.24
92557	33.97	-117.25
92561	33.63	-116.59
92562	33.54	-117.33
92563	33.57	-117.14
92564	33.64	-117.18
92567	33.82	-117.1
92570	33.78	-117.33
92571	33.83	-117.2
92572	33.78	-117.22
92581	33.78	-116.95
92582	33.81	-117.02
92583	33.79	-116.93
92584	33.65	-117.18
92585	33.74	-117.18
92586	33.7	-117.19
92587	33.69	-117.24
92589	33.51	-117.1
92590	33.48	-117.22
92591	33.53	-117.1
92592	33.53	-117.04
92593	33.5	-117.15
92595	33.62	-117.25
92596	33.63	-117.07
92599	33.83	-117.19
92602	33.74	-117.76
92603	33.62	-117.79
92604	33.69	-117.78
92605	33.71	-118
92606	33.7	-117.79
92607	33.52	-117.7
92609	33.59	-117.7
92610	33.7	-117.67
92612	33.63	-117.81
92614	33.68	-117.85
92615	33.65	-117.96
92616	33.64	-117.83
92617	33.63	-117.83
92618	33.67	-117.73
92619	33.66	-117.76
92620	33.7	-117.76
92623	33.69	-117.81
92624	33.45	-117.66
92625	33.6	-117.86
92626	33.67	-117.9
92627	33.64	-117.91
92628	33.64	-117.91
92629	33.47	-117.7
92630	33.64	-117.67
92637	33.61	-117.72
92646	33.66	-117.97
92647	33.72	-118
92648	33.67	-118
92649	33.71	-118.04
92650	33.67	-117.75
92651	33.55	-117.78
92652	33.54	-117.78
92653	33.6	-117.71
92654	33.6	-117.71
92655	33.74	-117.98
92656	33.57	-117.72
92657	33.6	-117.82
92658	33.63	-117.86
92659	33.62	-117.92
92660	33.62	-117.87
92661	33.6	-117.9
92662	33.6	-117.89
92663	33.62	-117.93
92672	33.42	-117.62
92673	33.48	-117.61
92674	33.43	-117.62
92675	33.52	-117.61
92676	33.75	-117.63
92677	33.53	-117.7
92678	33.66	-117.59
92679	33.61	-117.54
92683	33.74	-117.99
92684	33.76	-118
92685	33.75	-117.99
92688	33.61	-117.61
92690	33.61	-117.64
92691	33.6	-117.66
92692	33.6	-117.64
92693	33.49	-117.66
92694	33.56	-117.63
92697	33.64	-117.84
92698	33.67	-117.83
92701	33.75	-117.85
92702	33.73	-117.87
92703	33.74	-117.89
92704	33.71	-117.9
92705	33.76	-117.79
92706	33.76	-117.88
92707	33.71	-117.87
92708	33.71	-117.94
92709	33.67	-117.73
92710	33.7	-117.81
92711	33.76	-117.8
92712	33.75	-117.87
92725	33.75	-117.86
92728	33.71	-117.92
92735	33.71	-117.85
92780	33.74	-117.82
92781	33.73	-117.81
92782	33.75	-117.77
92799	33.71	-117.9
92801	33.84	-117.95
92802	33.81	-117.91
92803	33.84	-117.93
92804	33.81	-117.97
92805	33.82	-117.91
92806	33.83	-117.86
92807	33.85	-117.79
92808	33.84	-117.73
92809	33.86	-117.74
92811	33.86	-117.83
92812	33.81	-117.92
92814	33.81	-117.96
92815	33.83	-117.91
92816	33.83	-117.88
92817	33.85	-117.79
92821	33.92	-117.86
92822	33.91	-117.89
92823	33.92	-117.8
92825	33.83	-117.91
92831	33.87	-117.89
92832	33.86	-117.92
92833	33.88	-117.96
92834	33.87	-117.89
92835	33.9	-117.91
92836	33.87	-117.9
92837	33.87	-117.96
92838	33.89	-117.93
92840	33.78	-117.93
92841	33.78	-117.97
92842	33.77	-117.94
92843	33.75	-117.94
92844	33.76	-117.97
92845	33.78	-118.02
92846	33.78	-118.03
92850	33.84	-117.95
92856	33.78	-117.84
92857	33.83	-117.84
92859	33.8	-117.78
92860	33.93	-117.56
92861	33.81	-117.81
92862	33.79	-117.71
92863	33.81	-117.82
92864	33.81	-117.82
92865	33.83	-117.85
92866	33.78	-117.84
92867	33.81	-117.79
92868	33.78	-117.86
92869	33.79	-117.78
92870	33.88	-117.85
92871	33.88	-117.85
92877	33.87	-117.56
92878	33.87	-117.56
92879	33.87	-117.53
92880	33.9	-117.61
92881	33.83	-117.5
92882	33.83	-117.6
92883	33.75	-117.48
92885	33.89	-117.82
92886	33.89	-117.78
92887	33.88	-117.72
92899	33.83	-117.87
93001	34.33	-119.31
93002	34.27	-119.28
93003	34.28	-119.22
93004	34.27	-119.16
93005	34.25	-119.2
93006	34.27	-119.29
93007	34.29	-119.15
93009	34.26	-119.21
93010	34.23	-119.07
93011	34.21	-119.03
93012	34.2	-118.98
93013	34.43	-119.52
93014	34.39	-119.51
93015	34.4	-118.83
93016	34.39	-118.91
93020	34.28	-118.88
93021	34.31	-118.87
93022	34.4	-119.3
93023	34.51	-119.29
93024	34.44	-119.25
93030	34.19	-119.17
93031	34.21	-119.18
93032	34.2	-119.17
93033	34.14	-119.1
93034	34.17	-119.17
93035	34.19	-119.23
93036	34.25	-119.16
93040	34.43	-118.75
93041	34.11	-119.11
93042	34.12	-119.09
93043	34.16	-119.2
93044	34.15	-119.19
93060	34.4	-119.07
93061	34.35	-119.05
93062	34.28	-118.74
93063	34.3	-118.72
93064	34.28	-118.69
93065	34.25	-118.78
93066	34.29	-119.03
93067	34.41	-119.59
93093	34.27	-118.71
93094	34.27	-118.79
93099	34.26	-118.75
93101	34.41	-119.7
93102	34.42	-119.7
93103	34.43	-119.68
93105	34.01	-119.72
93106	34.43	-119.83
93107	34.42	-119.86
93108	34.44	-119.61
93109	34.4	-119.72
93110	34.43	-119.77
93111	34.45	-119.8
93116	34.49	-120.04
93117	34.5	-120.12
93118	34.43	-119.82
93120	34.41	-119.7
93121	34.41	-119.7
93130	34.44	-119.73
93140	34.42	-119.67
93150	34.43	-119.63
93160	34.43	-119.8
93190	34.42	-119.7
93199	34.49	-120.04
93201	35.86	-119.46
93202	36.31	-119.71
93203	35.08	-118.79
93204	35.92	-120.1
93205	35.52	-118.4
93206	35.43	-119.49
93207	35.87	-118.65
93208	36.06	-118.58
93210	36.19	-120.39
93212	36.07	-119.53
93215	35.78	-119.23
93216	35.75	-119.27
93218	35.86	-118.99
93219	35.86	-119.28
93220	35.32	-118.85
93221	36.28	-119.03
93222	34.84	-119.17
93223	36.3	-119.19
93224	35.21	-119.56
93225	34.8	-119.01
93226	35.72	-118.72
93227	36.34	-119.41
93230	36.27	-119.63
93232	36.23	-119.7
93234	36.2	-120.09
93235	36.38	-119.22
93237	36.46	-118.91
93238	35.83	-118.45
93239	35.99	-119.99
93240	35.64	-118.46
93241	35.25	-118.91
93242	36.43	-119.69
93243	34.86	-118.87
93244	36.46	-118.98
93245	36.29	-119.82
93246	36.28	-119.84
93247	36.2	-119.08
93249	35.61	-119.9
93250	35.65	-119.19
93251	35.41	-119.76
93252	34.84	-119.27
93254	34.98	-119.8
93255	35.68	-118.07
93256	35.95	-119.31
93257	35.96	-118.92
93258	36.05	-119.14
93260	35.88	-118.59
93261	35.81	-119.13
93262	36.53	-118.72
93263	35.49	-119.3
93265	36.17	-118.7
93266	36.17	-119.81
93267	36.14	-119.09
93268	35.17	-119.36
93270	35.93	-119.03
93271	36.44	-118.86
93272	36.04	-119.34
93274	36.18	-119.36
93275	36.2	-119.34
93276	35.32	-119.39
93277	36.29	-119.38
93278	36.3	-119.31
93279	36.32	-119.29
93280	35.64	-119.44
93282	36.14	-119.5
93283	35.44	-118.25
93285	35.7	-118.5
93286	36.46	-119.1
93287	35.73	-118.92
93290	36.33	-119.29
93291	36.4	-119.38
93292	36.37	-119.18
93301	35.38	-119.02
93302	35.37	-119.02
93303	35.55	-118.92
93304	35.33	-119.02
93305	35.39	-118.98
93306	35.43	-118.83
93307	35.2	-118.86
93308	35.54	-118.91
93309	35.34	-119.07
93311	35.18	-119.21
93312	35.38	-119.22
93313	35.15	-119.06
93314	35.38	-119.2
93380	35.55	-118.92
93381	35.37	-119.01
93382	35.25	-119
93383	35.26	-119.03
93384	35.37	-119.01
93385	35.37	-118.99
93386	35.37	-118.95
93387	35.35	-118.95
93388	35.41	-119.02
93389	35.35	-119.06
93390	35.35	-119
93401	35.25	-120.62
93402	35.29	-120.81
93403	35.28	-120.65
93405	35.27	-120.69
93406	35.24	-120.64
93407	35.29	-120.66
93408	35.22	-120.63
93409	35.22	-120.63
93410	35.27	-120.73
93412	35.31	-120.83
93420	35.16	-120.43
93421	35.12	-120.57
93422	35.45	-120.71
93423	35.48	-120.64
93424	35.18	-120.76
93426	35.85	-120.8
93427	34.61	-120.22
93428	35.59	-121.01
93429	34.86	-120.52
93430	35.48	-120.92
93432	35.47	-120.48
93433	35.12	-120.61
93434	34.93	-120.59
93435	35.5	-121.03
93436	34.6	-120.39
93437	34.77	-120.53
93438	34.63	-120.46
93440	34.73	-120.24
93441	34.71	-120.01
93442	35.38	-120.78
93443	35.36	-120.85
93444	35.05	-120.48
93445	35.06	-120.6
93446	35.61	-120.76
93447	35.65	-120.69
93448	35.15	-120.67
93449	35.15	-120.66
93450	36	-120.87
93451	35.89	-120.6
93452	35.69	-121.2
93453	35.31	-120.27
93454	34.91	-120.23
93455	34.82	-120.41
93456	34.93	-120.46
93457	34.86	-120.43
93458	34.95	-120.5
93460	34.64	-120.02
93461	35.63	-120.26
93463	34.61	-120.14
93464	34.55	-120.14
93465	35.54	-120.75
93475	35.1	-120.61
93483	35.12	-120.62
93501	35.09	-118.13
93502	35.05	-118.17
93504	35.14	-118.01
93505	35.15	-117.92
93510	34.49	-118.22
93512	37.87	-118.54
93513	37.18	-118.18
93514	37.5	-118.31
93515	37.36	-118.4
93516	34.96	-117.67
93517	38.27	-119.33
93518	35.4	-118.51
93519	35.3	-117.95
93522	36.3	-117.59
93523	34.96	-117.87
93524	34.92	-117.94
93526	36.83	-118.24
93527	35.88	-118.15
93528	35.36	-117.64
93529	37.77	-119.06
93530	36.48	-117.86
93531	35.23	-118.62
93532	34.69	-118.52
93534	34.72	-118.15
93535	34.69	-117.9
93536	34.72	-118.48
93539	34.68	-118.12
93541	38.03	-118.82
93542	35.93	-117.9
93543	34.48	-117.92
93544	34.49	-117.77
93545	36.56	-118.18
93546	37.58	-118.84
93549	36.26	-117.95
93550	34.52	-118.08
93551	34.61	-118.27
93552	34.5	-118.01
93553	34.48	-117.88
93554	35.39	-117.73
93555	35.55	-117.67
93556	35.62	-117.67
93558	35.35	-117.62
93560	34.92	-118.4
93561	35.12	-118.51
93562	35.73	-117.36
93563	34.39	-117.74
93581	35.13	-118.44
93584	34.69	-118.13
93586	34.64	-118.21
93590	34.57	-118.08
93591	34.61	-117.81
93592	35.76	-117.37
93596	35	-117.65
93599	34.57	-118.11
93601	37.39	-119.73
93602	37	-119.15
93603	36.6	-118.92
93604	37.38	-119.51
93605	37.16	-119.3
93606	36.8	-120.01
93607	36.48	-119.98
93608	36.45	-120.45
93609	36.52	-119.87
93610	37.07	-120.27
93611	36.93	-119.56
93612	36.81	-119.71
93613	36.79	-119.64
93614	37.17	-119.71
93615	36.49	-119.28
93616	36.65	-119.59
93618	36.52	-119.39
93619	36.91	-119.58
93620	37.07	-120.63
93621	36.79	-119.13
93622	36.85	-120.54
93623	37.47	-119.66
93624	36.38	-120.13
93625	36.62	-119.67
93626	37.02	-119.69
93627	36.53	-120.11
93628	36.8	-118.89
93630	36.71	-120.15
93631	36.48	-119.5
93633	36.72	-118.95
93634	37.33	-119.01
93635	36.9	-121.02
93636	36.93	-119.83
93637	36.91	-120.19
93638	37.01	-119.94
93639	36.96	-120.08
93640	36.67	-120.43
93641	36.7	-119.04
93642	37.32	-119.01
93643	37.23	-119.49
93644	37.4	-119.61
93645	37.16	-119.62
93646	36.64	-119.29
93647	36.58	-119.19
93648	36.62	-119.51
93649	36.82	-119.35
93650	36.83	-119.79
93651	37	-119.5
93652	36.59	-119.9
93653	37.25	-119.96
93654	36.65	-119.4
93656	36.48	-119.94
93657	36.79	-119.44
93660	36.59	-120.19
93661	37.1	-120.59
93662	36.53	-119.64
93664	37.06	-119.04
93665	36.95	-120.65
93666	36.54	-119.33
93667	36.96	-119.3
93668	36.65	-120.28
93669	37.26	-119.52
93670	36.48	-119.22
93673	36.45	-119.48
93675	36.74	-119.19
93701	36.74	-119.79
93702	36.74	-119.75
93703	36.76	-119.76
93704	36.8	-119.8
93705	36.78	-119.82
93706	36.64	-119.91
93707	36.73	-119.78
93708	36.73	-119.78
93709	36.73	-119.78
93710	36.81	-119.75
93711	36.84	-119.82
93712	36.61	-119.77
93714	36.73	-119.78
93715	36.73	-119.78
93716	36.73	-119.78
93717	36.73	-119.78
93718	36.73	-119.78
93720	36.88	-119.77
93721	36.73	-119.78
93722	36.79	-119.92
93723	36.77	-119.95
93724	36.72	-119.79
93725	36.6	-119.75
93726	36.79	-119.76
93727	36.75	-119.67
93728	36.75	-119.81
93729	36.85	-119.76
93730	36.9	-119.75
93737	36.74	-119.65
93740	36.82	-119.76
93741	36.79	-119.8
93744	36.75	-119.79
93745	36.7	-119.75
93747	36.8	-119.67
93750	36.83	-119.78
93755	36.79	-119.79
93760	36.73	-119.78
93761	36.75	-119.78
93764	36.73	-119.78
93765	36.83	-119.83
93771	36.74	-119.78
93772	36.74	-119.78
93773	36.71	-119.85
93774	36.74	-119.79
93775	36.73	-119.75
93776	36.75	-119.78
93777	36.74	-119.78
93778	36.74	-119.78
93779	36.74	-119.78
93780	36.73	-119.8
93784	36.82	-119.76
93786	36.63	-119.9
93790	36.78	-119.82
93791	36.78	-119.82
93792	36.78	-119.82
93793	36.78	-119.82
93794	36.78	-119.82
93844	36.75	-119.67
93888	36.75	-119.67
93901	36.64	-121.62
93902	36.67	-121.65
93905	36.67	-121.61
93906	36.72	-121.63
93907	36.76	-121.65
93908	36.61	-121.62
93912	36.73	-121.68
93915	36.67	-121.62
93920	36.08	-121.6
93921	36.55	-121.92
93922	36.48	-121.74
93923	36.46	-121.82
93924	36.39	-121.65
93925	36.57	-121.44
93926	36.54	-121.39
93927	36.26	-121.37
93928	36	-121.34
93930	36.2	-120.94
93932	35.99	-121.06
93933	36.67	-121.79
93940	36.6	-121.88
93942	36.61	-121.89
93943	36.57	-121.83
93944	36.57	-121.83
93950	36.61	-121.92
93953	36.58	-121.94
93954	36.13	-120.86
93955	36.62	-121.82
93960	36.39	-121.3
93962	36.62	-121.64
94002	37.5	-122.3
94005	37.68	-122.41
94010	37.56	-122.37
94011	37.57	-122.34
94013	37.7	-122.45
94014	37.68	-122.43
94015	37.67	-122.47
94016	37.7	-122.45
94017	37.69	-122.47
94018	37.5	-122.47
94019	37.44	-122.41
94020	37.28	-122.24
94021	37.27	-122.26
94022	37.36	-122.14
94023	37.37	-122.11
94024	37.34	-122.11
94025	37.45	-122.17
94026	37.47	-122.18
94027	37.44	-122.2
94028	37.37	-122.21
94030	37.59	-122.4
94035	37.41	-122.05
94037	37.54	-122.5
94038	37.51	-122.5
94039	37.39	-122.07
94040	37.38	-122.08
94041	37.38	-122.07
94042	37.4	-122.08
94043	37.41	-122.05
94044	37.6	-122.45
94060	37.2	-122.3
94061	37.46	-122.24
94062	37.4	-122.29
94063	37.49	-122.21
94064	37.46	-122.25
94065	37.53	-122.24
94066	37.62	-122.43
94070	37.49	-122.26
94074	37.33	-122.34
94080	37.65	-122.42
94083	37.64	-122.41
94085	37.38	-122.01
94086	37.36	-122.02
94087	37.35	-122.03
94088	37.39	-122.03
94089	37.42	-122
94101	37.77	-122.41
94102	37.77	-122.41
94103	37.77	-122.41
94104	37.79	-122.4
94105	37.78	-122.39
94106	37.77	-122.41
94107	37.76	-122.39
94108	37.79	-122.4
94109	37.79	-122.42
94110	37.74	-122.41
94111	37.79	-122.39
94112	37.72	-122.44
94114	37.75	-122.43
94115	37.78	-122.43
94116	37.74	-122.48
94117	37.76	-122.44
94118	37.78	-122.46
94119	37.78	-122.45
94120	37.79	-122.4
94121	37.77	-122.49
94122	37.76	-122.48
94123	37.8	-122.43
94124	37.73	-122.38
94125	37.73	-122.38
94126	37.79	-122.39
94127	37.73	-122.45
94128	37.61	-122.38
94129	37.79	-122.46
94130	37.81	-122.36
94131	37.74	-122.44
94132	37.72	-122.48
94133	37.8	-122.41
94134	37.72	-122.41
94135	37.77	-122.41
94136	37.77	-122.41
94137	37.79	-122.4
94138	37.79	-122.4
94139	37.79	-122.4
94140	37.75	-122.41
94141	37.76	-122.41
94142	37.78	-122.41
94143	37.76	-122.45
94144	37.78	-122.46
94145	37.79	-122.4
94146	37.75	-122.43
94147	37.8	-122.43
94150	37.77	-122.41
94151	37.79	-122.39
94152	37.77	-122.41
94153	37.77	-122.41
94154	37.77	-122.41
94155	37.77	-122.41
94156	37.78	-122.4
94158	37.76	-122.39
94159	37.78	-122.45
94160	37.71	-122.4
94161	37.79	-122.4
94162	37.78	-122.4
94163	37.78	-122.4
94164	37.78	-122.42
94171	37.77	-122.41
94172	37.76	-122.48
94175	37.77	-122.41
94177	37.79	-122.39
94188	37.74	-122.38
94199	37.77	-122.41
94203	38.58	-121.49
94204	38.6	-121.44
94205	38.47	-121.44
94206	38.49	-121.45
94207	38.58	-121.49
94208	38.58	-121.49
94209	38.58	-121.49
94211	38.58	-121.49
94229	38.58	-121.49
94230	38.47	-121.44
94232	38.55	-121.49
94234	38.58	-121.49
94235	38.58	-121.49
94236	38.58	-121.49
94237	38.58	-121.49
94239	38.55	-121.49
94240	38.58	-121.49
94244	38.58	-121.49
94245	38.58	-121.49
94246	38.58	-121.49
94247	38.58	-121.49
94248	38.58	-121.49
94249	38.57	-121.46
94250	38.58	-121.49
94252	38.58	-121.49
94254	38.58	-121.49
94256	38.58	-121.49
94257	38.58	-121.49
94258	38.58	-121.49
94259	38.55	-121.49
94261	38.58	-121.49
94262	38.58	-121.49
94263	38.58	-121.49
94267	38.58	-121.49
94268	38.58	-121.49
94269	38.55	-121.49
94271	38.58	-121.49
94273	38.58	-121.49
94274	38.58	-121.49
94277	38.58	-121.49
94278	38.57	-121.46
94279	38.58	-121.49
94280	38.58	-121.49
94282	38.58	-121.49
94283	38.47	-121.44
94284	38.55	-121.49
94285	38.55	-121.49
94286	38.55	-121.49
94287	38.58	-121.49
94288	38.58	-121.49
94289	38.58	-121.49
94290	38.55	-121.49
94291	38.55	-121.49
94293	38.55	-121.49
94294	38.55	-121.49
94295	38.58	-121.49
94296	38.57	-121.5
94297	38.55	-121.49
94298	38.58	-121.49
94299	38.56	-121.46
94301	37.44	-122.15
94302	37.44	-122.15
94303	37.45	-122.1
94304	37.37	-122.18
94305	37.41	-122.17
94306	37.41	-122.13
94309	37.41	-122.16
94401	37.57	-122.32
94402	37.52	-122.35
94403	37.54	-122.3
94404	37.55	-122.26
94497	37.56	-122.32
94501	37.77	-122.27
94502	37.73	-122.24
94503	38.18	-122.25
94505	37.86	-121.64
94506	37.78	-121.88
94507	37.84	-121.97
94508	38.57	-122.44
94509	37.99	-121.81
94510	38.11	-122.13
94511	38.07	-121.62
94512	38.12	-121.81
94513	37.87	-121.68
94514	37.85	-121.62
94515	38.62	-122.61
94516	37.82	-122.16
94517	37.88	-121.84
94518	37.95	-122.02
94519	37.99	-122
94520	38	-122.03
94521	37.97	-121.96
94522	38.01	-122.02
94523	37.95	-122.07
94524	37.97	-122.05
94525	38.04	-122.23
94526	37.81	-121.97
94527	37.97	-122.05
94528	37.83	-121.95
94529	37.87	-122.04
94530	37.91	-122.3
94531	37.96	-121.76
94533	38.28	-122
94534	38.23	-122.12
94535	38.26	-121.93
94536	37.56	-121.98
94537	37.55	-122.01
94538	37.5	-121.96
94539	37.51	-121.89
94540	37.65	-122.09
94541	37.67	-122.08
94542	37.65	-122.04
94543	37.67	-122.08
94544	37.63	-122.04
94545	37.62	-122.11
94546	37.7	-122.08
94547	38.01	-122.25
94548	37.97	-121.65
94549	37.9	-122.11
94550	37.68	-121.75
94551	37.77	-121.75
94552	37.69	-122.01
94553	37.98	-122.15
94555	37.55	-122.07
94556	37.83	-122.1
94557	37.62	-122.1
94558	38.55	-122.15
94559	38.23	-122.29
94560	37.51	-122.04
94561	37.99	-121.68
94562	38.42	-122.4
94563	37.89	-122.19
94564	37.99	-122.27
94565	38	-121.83
94566	37.65	-121.85
94567	38.67	-122.44
94568	37.71	-121.91
94569	38.03	-122.19
94570	38.11	-122.13
94571	38.18	-121.73
94572	38.03	-122.23
94573	38.45	-122.41
94574	38.55	-122.39
94575	37.84	-122.12
94576	38.55	-122.47
94577	37.71	-122.16
94578	37.7	-122.12
94579	37.68	-122.15
94580	37.68	-122.13
94581	38.29	-122.28
94582	37.76	-121.93
94583	37.78	-121.99
94585	38.16	-121.93
94586	37.56	-121.84
94587	37.59	-122.06
94588	37.67	-121.93
94589	38.13	-122.25
94590	38.09	-122.25
94591	38.11	-122.2
94592	38.11	-122.29
94595	37.86	-122.07
94596	37.89	-122.03
94597	37.91	-122.07
94598	37.91	-122.01
94599	38.41	-122.36
94601	37.77	-122.21
94602	37.8	-122.21
94603	37.73	-122.17
94604	37.8	-122.26
94605	37.75	-122.13
94606	37.78	-122.24
94607	37.81	-122.3
94608	37.83	-122.29
94609	37.83	-122.26
94610	37.81	-122.24
94611	37.83	-122.22
94612	37.8	-122.27
94613	37.78	-122.18
94614	37.72	-122.2
94615	37.8	-122.29
94617	37.75	-122.14
94618	37.84	-122.23
94619	37.78	-122.12
94620	37.77	-122.21
94621	37.73	-122.2
94622	37.74	-122.19
94623	37.8	-122.29
94624	37.74	-122.17
94625	37.8	-122.31
94649	37.8	-122.26
94659	37.81	-122.26
94660	37.79	-122.27
94661	37.82	-122.2
94662	37.84	-122.29
94666	37.8	-122.26
94701	37.86	-122.27
94702	37.86	-122.28
94703	37.86	-122.27
94704	37.86	-122.25
94705	37.86	-122.24
94706	37.88	-122.29
94707	37.9	-122.28
94708	37.9	-122.26
94709	37.87	-122.26
94710	37.87	-122.3
94712	37.86	-122.26
94720	37.86	-122.25
94801	37.96	-122.38
94802	37.93	-122.35
94803	37.95	-122.26
94804	37.92	-122.34
94805	37.94	-122.31
94806	37.98	-122.33
94807	37.92	-122.35
94808	37.93	-122.34
94820	37.97	-122.29
94850	37.94	-122.38
94901	37.97	-122.5
94903	38.02	-122.54
94904	37.94	-122.56
94912	37.97	-122.5
94913	38.02	-122.54
94914	37.94	-122.53
94915	37.95	-122.5
94920	37.89	-122.47
94922	38.33	-122.97
94923	38.35	-123.06
94924	37.94	-122.73
94925	37.92	-122.51
94926	38.32	-122.7
94927	38.34	-122.69
94928	38.34	-122.7
94929	38.24	-122.95
94930	37.98	-122.6
94931	38.31	-122.7
94933	38.01	-122.69
94937	38.11	-122.92
94938	38.03	-122.7
94939	37.93	-122.53
94940	38.16	-122.84
94941	37.89	-122.56
94942	37.9	-122.52
94945	38.13	-122.56
94946	38.07	-122.68
94947	38.1	-122.63
94948	38.13	-122.56
94949	38.06	-122.54
94950	38.02	-122.75
94951	38.31	-122.64
94952	38.21	-122.76
94953	38.26	-122.63
94954	38.23	-122.56
94955	38.22	-122.55
94956	38.07	-122.86
94957	37.96	-122.55
94960	37.99	-122.58
94963	38.02	-122.63
94964	37.94	-122.49
94965	37.84	-122.53
94966	37.86	-122.49
94970	37.91	-122.66
94971	38.24	-122.9
94972	38.29	-122.94
94973	38	-122.64
94974	37.95	-122.54
94975	38.32	-122.64
94976	37.92	-122.52
94977	37.93	-122.53
94978	37.98	-122.58
94979	37.97	-122.56
94998	38.1	-122.57
94999	38.32	-122.64
95001	36.97	-121.89
95002	37.44	-121.99
95003	37	-121.87
95004	36.87	-121.63
95005	37.1	-122.08
95006	37.16	-122.15
95007	37.1	-122.11
95008	37.28	-121.95
95009	37.28	-121.94
95010	36.97	-121.95
95011	37.29	-121.95
95012	36.76	-121.75
95013	37.2	-121.72
95014	37.3	-122.09
95015	37.32	-122.05
95017	37.09	-122.24
95018	37.08	-122.05
95019	36.93	-121.78
95020	37.06	-121.55
95021	37.01	-121.55
95023	36.89	-121.24
95024	36.84	-121.39
95026	37.15	-121.98
95030	37.22	-121.99
95031	37.12	-121.93
95032	37.23	-121.95
95033	37.13	-121.94
95035	37.44	-121.87
95036	37.24	-121.97
95037	37.17	-121.65
95038	37.08	-121.61
95039	36.84	-121.77
95041	37.05	-122.05
95042	37.17	-121.82
95043	36.53	-120.96
95044	37.15	-121.98
95045	36.83	-121.51
95046	37.1	-121.6
95050	37.34	-121.95
95051	37.35	-121.98
95052	37.35	-121.95
95053	37.34	-121.93
95054	37.39	-121.96
95055	37.33	-121.98
95056	37.4	-121.96
95060	37.04	-122.1
95061	36.97	-122.02
95062	36.97	-121.98
95063	36.97	-122
95064	36.98	-122.06
95065	37.03	-121.98
95066	37.06	-122.01
95067	36.97	-122.03
95070	37.25	-122.06
95071	37.25	-122.03
95073	37.02	-121.94
95075	36.77	-121.29
95076	36.95	-121.72
95077	36.91	-121.75
95101	37.38	-121.89
95103	37.33	-121.89
95106	37.33	-121.89
95108	37.33	-122.08
95109	37.33	-121.89
95110	37.34	-121.9
95111	37.28	-121.83
95112	37.34	-121.88
95113	37.33	-121.89
95115	37.3	-121.89
95116	37.35	-121.85
95117	37.31	-121.96
95118	37.25	-121.88
95119	37.22	-121.78
95120	37.19	-121.83
95121	37.3	-121.8
95122	37.33	-121.83
95123	37.23	-121.82
95124	37.25	-121.92
95125	37.29	-121.88
95126	37.32	-121.91
95127	37.37	-121.75
95128	37.31	-121.93
95129	37.3	-122
95130	37.28	-121.98
95131	37.38	-121.9
95132	37.42	-121.77
95133	37.37	-121.86
95134	37.42	-121.94
95135	37.25	-121.67
95136	37.27	-121.84
95138	37.24	-121.73
95139	37.21	-121.75
95140	37.36	-121.67
95141	37.17	-121.75
95148	37.33	-121.77
95150	37.29	-121.91
95151	37.29	-121.78
95152	37.41	-121.82
95153	37.24	-121.84
95154	37.26	-121.91
95155	37.31	-121.9
95156	37.35	-121.84
95157	37.3	-121.97
95158	37.26	-121.87
95159	37.31	-121.93
95160	37.21	-121.86
95161	37.38	-121.89
95164	37.39	-121.92
95170	37.31	-122
95172	37.33	-121.88
95173	37.33	-121.89
95190	37.37	-121.9
95191	37.32	-121.91
95192	37.34	-121.89
95193	37.24	-121.83
95194	37.34	-121.88
95196	37.33	-121.89
95201	37.9	-121.22
95202	37.95	-121.28
95203	37.95	-121.32
95204	37.97	-121.32
95205	37.96	-121.26
95206	37.9	-121.4
95207	38	-121.32
95208	37.95	-121.43
95209	38.04	-121.35
95210	38.02	-121.3
95211	37.98	-121.3
95212	38.04	-121.2
95213	37.95	-121.43
95215	37.95	-121.12
95219	38.01	-121.38
95220	38.19	-121.25
95221	38.07	-120.55
95222	38.04	-120.61
95223	38.35	-120.2
95224	38.21	-120.33
95225	38.18	-120.88
95226	38.23	-120.86
95227	38.21	-121.03
95228	37.94	-120.66
95229	38.11	-120.45
95230	37.96	-120.87
95231	37.86	-121.29
95232	38.35	-120.58
95233	38.18	-120.37
95234	37.93	-121.42
95236	38.05	-121.03
95237	38.17	-121.13
95240	38.11	-121.16
95241	38.15	-121.3
95242	38.13	-121.39
95245	38.29	-120.58
95246	38.23	-120.49
95247	38.14	-120.45
95248	38.31	-120.51
95249	38.2	-120.62
95250	38.25	-120.38
95251	38.1	-120.43
95252	38.16	-120.84
95253	38.14	-121.2
95254	38.19	-120.95
95255	38.42	-120.44
95257	38.38	-120.44
95258	38.16	-121.29
95267	38	-121.31
95269	38.01	-121.32
95296	38.02	-121.3
95297	37.96	-121.3
95301	37.32	-120.63
95303	37.47	-120.65
95304	37.69	-121.39
95305	37.82	-120.25
95306	37.38	-120.12
95307	37.55	-120.96
95309	37.86	-120.44
95310	38.11	-120.38
95311	37.71	-120.12
95312	37.39	-120.61
95313	37.39	-121.05
95314	38.34	-119.83
95315	37.42	-120.77
95316	37.54	-120.68
95317	37.12	-120.51
95318	37.65	-119.8
95319	37.64	-120.9
95320	37.83	-121.03
95321	37.85	-119.76
95322	37.14	-121.04
95323	37.6	-120.68
95324	37.39	-120.89
95325	37.43	-120.24
95326	37.59	-120.85
95327	37.85	-120.49
95328	37.55	-120.91
95329	37.66	-120.45
95330	37.82	-121.29
95333	37.25	-120.2
95334	37.34	-120.75
95335	38.12	-120.08
95336	37.83	-121.18
95337	37.73	-121.24
95338	37.49	-120
95340	37.29	-120.48
95341	37.33	-120.48
95343	37.29	-120.48
95344	37.37	-120.61
95345	37.58	-119.97
95346	38.1	-120.13
95347	37.78	-120.3
95348	37.41	-120.5
95350	37.67	-121.01
95351	37.63	-121.01
95352	37.66	-120.99
95353	37.66	-120.94
95354	37.63	-120.97
95355	37.67	-120.95
95356	37.72	-121.03
95357	37.67	-120.89
95358	37.65	-121.13
95360	37.28	-121.2
95361	37.8	-120.74
95363	37.49	-121.25
95364	38.28	-119.82
95365	37.32	-120.3
95366	37.75	-121.12
95367	37.73	-120.95
95368	37.71	-121.09
95369	37.54	-120.45
95370	37.98	-120.39
95372	37.99	-120.25
95373	37.96	-120.31
95374	37.3	-120.87
95375	38.19	-120.01
95376	37.73	-121.42
95377	37.62	-121.45
95378	37.8	-121.55
95379	37.95	-120.2
95380	37.47	-120.85
95381	37.49	-120.85
95382	37.53	-120.84
95383	38.08	-120.24
95385	37.61	-121.25
95386	37.68	-120.64
95387	37.54	-121.29
95388	37.41	-120.59
95389	37.69	-119.59
95391	37.76	-121.63
95397	37.65	-120.99
95401	38.44	-122.78
95402	38.47	-122.6
95403	38.5	-122.76
95404	38.45	-122.68
95405	38.43	-122.67
95406	38.45	-122.72
95407	38.39	-122.75
95409	38.45	-122.59
95410	39.21	-123.69
95412	38.71	-123.33
95415	38.99	-123.36
95416	38.31	-122.48
95417	39.69	-123.61
95418	39.15	-123.2
95419	38.42	-122.95
95420	39.36	-123.78
95421	38.56	-123.2
95422	38.96	-122.64
95423	39.05	-122.55
95424	38.97	-122.66
95425	38.78	-122.92
95426	38.83	-122.71
95427	39.24	-123.53
95428	39.82	-123.16
95429	39.73	-123.33
95430	38.44	-123.05
95431	38.34	-122.51
95432	39.12	-123.62
95433	38.29	-122.48
95435	39	-122.87
95436	38.48	-122.9
95437	39.47	-123.63
95439	38.49	-122.77
95441	38.74	-123.13
95442	38.38	-122.52
95443	39.04	-122.74
95444	38.43	-122.86
95445	38.82	-123.51
95446	38.52	-123.01
95448	38.63	-122.89
95449	38.93	-123.11
95450	38.51	-123.21
95451	38.91	-122.79
95452	38.42	-122.54
95453	39.04	-122.93
95454	39.8	-123.5
95456	39.25	-123.73
95457	38.88	-122.55
95458	39.12	-122.76
95459	39	-123.62
95460	39.3	-123.73
95461	38.78	-122.58
95462	38.45	-123.01
95463	39.21	-123.54
95464	39.12	-122.84
95465	38.41	-123.01
95466	39.07	-123.52
95467	38.8	-122.55
95468	38.91	-123.58
95469	39.37	-123.02
95470	39.32	-123.23
95471	38.52	-122.97
95472	38.4	-122.86
95473	38.4	-122.82
95476	38.24	-122.46
95480	38.64	-123.37
95481	39.12	-123.16
95482	39.12	-123.28
95485	39.26	-122.96
95486	38.47	-123.03
95487	38.25	-122.45
95488	39.72	-123.77
95490	39.49	-123.36
95492	38.53	-122.81
95493	39.2	-122.98
95494	38.88	-123.29
95497	38.7	-123.44
95501	40.8	-124.15
95502	40.81	-124.08
95503	40.71	-124.11
95511	40.18	-123.6
95514	40.31	-123.65
95518	40.86	-124.08
95519	40.94	-124.02
95521	40.85	-124.05
95524	40.81	-124.01
95525	40.96	-123.85
95526	40.42	-123.52
95527	40.95	-123.43
95528	40.48	-123.95
95531	41.78	-124.16
95532	41.75	-124.2
95534	40.79	-124.15
95536	40.45	-124.26
95537	40.72	-124.21
95538	41.83	-124.16
95540	40.57	-124.15
95542	40.22	-123.97
95543	41.84	-123.85
95545	40.25	-124.13
95546	41.11	-123.64
95547	40.56	-124.07
95548	41.59	-124.06
95549	40.67	-123.88
95550	40.76	-123.82
95551	40.68	-124.22
95552	40.37	-123.44
95553	40.21	-123.86
95554	40.27	-123.82
95555	41.35	-124.04
95556	41.31	-123.61
95558	40.24	-124.21
95559	40.18	-123.76
95560	40.15	-123.89
95562	40.46	-124.13
95563	40.86	-123.55
95564	40.79	-124.19
95565	40.42	-124.01
95567	41.93	-124.08
95568	41.47	-123.46
95569	40.37	-123.84
95570	41.13	-124.04
95571	40.31	-123.92
95573	40.94	-123.65
95585	39.87	-123.69
95587	39.95	-123.74
95589	40.07	-123.92
95595	40.16	-123.4
95601	38.43	-120.84
95602	39	-121.09
95603	38.92	-121.07
95604	38.9	-121.06
95605	38.59	-121.54
95606	38.8	-122.18
95607	38.69	-122.12
95608	38.62	-121.32
95609	38.62	-121.32
95610	38.69	-121.26
95611	38.7	-121.28
95612	38.37	-121.58
95613	38.8	-120.88
95614	38.88	-120.98
95615	38.31	-121.54
95616	38.48	-121.64
95617	38.54	-121.72
95618	38.53	-121.66
95619	38.67	-120.81
95620	38.39	-121.81
95621	38.69	-121.31
95623	38.6	-120.84
95624	38.44	-121.3
95625	38.35	-121.9
95626	38.73	-121.46
95627	38.78	-122.12
95628	38.65	-121.25
95629	38.52	-120.7
95630	38.67	-121.14
95631	39.03	-120.82
95632	38.27	-121.22
95633	38.84	-120.83
95634	38.93	-120.77
95635	38.92	-120.89
95636	38.64	-120.51
95637	38.8	-122.18
95638	38.33	-121.14
95639	38.35	-121.5
95640	38.33	-120.88
95641	38.16	-121.59
95642	38.35	-120.77
95644	38.45	-120.52
95645	38.89	-121.8
95646	38.69	-120.05
95648	38.93	-121.25
95650	38.81	-121.16
95651	38.81	-120.93
95652	38.66	-121.4
95653	38.67	-121.96
95654	38.36	-120.79
95655	38.54	-121.28
95656	38.56	-120.71
95658	38.87	-121.15
95659	38.83	-121.58
95660	38.66	-121.37
95661	38.74	-121.25
95662	38.68	-121.22
95663	38.85	-121.18
95664	38.8	-121.04
95665	38.38	-120.64
95666	38.56	-120.17
95667	38.73	-120.8
95668	38.83	-121.5
95669	38.46	-120.88
95670	38.6	-121.26
95671	38.67	-121.14
95672	38.72	-121
95673	38.68	-121.45
95674	38.95	-121.49
95675	38.54	-120.74
95676	38.94	-121.74
95677	38.8	-121.24
95678	38.76	-121.28
95679	38.9	-122.29
95680	38.23	-121.55
95681	38.98	-121.35
95682	38.61	-120.97
95683	38.51	-121.12
95684	38.62	-120.62
95685	38.42	-120.75
95686	38.17	-121.52
95687	38.35	-121.93
95688	38.41	-122.01
95689	38.48	-120.57
95690	38.23	-121.58
95691	38.66	-121.62
95692	39.04	-121.39
95693	38.39	-121.24
95694	38.56	-121.99
95695	38.71	-121.85
95696	38.31	-121.92
95697	38.73	-121.81
95698	38.8	-121.9
95699	38.44	-120.85
95701	39.21	-120.79
95703	39	-120.99
95709	38.74	-120.68
95712	39.16	-120.95
95713	39.09	-120.92
95714	39.19	-120.83
95715	39.25	-120.69
95717	39.13	-120.83
95720	38.77	-120.26
95721	38.84	-120.07
95722	39	-121.03
95724	39.31	-120.43
95726	38.74	-120.57
95728	39.27	-120.41
95735	38.83	-120.18
95736	39.03	-120.96
95741	38.58	-121.3
95742	38.57	-121.17
95746	38.76	-121.16
95747	38.78	-121.37
95757	38.35	-121.42
95758	38.34	-121.42
95759	38.4	-121.37
95762	38.68	-121.05
95763	38.67	-121.17
95765	38.81	-121.28
95776	38.69	-121.68
95798	38.57	-121.56
95799	38.53	-121.55
95811	38.59	-121.49
95812	38.58	-121.49
95813	38.5	-121.41
95814	38.58	-121.49
95815	38.6	-121.46
95816	38.57	-121.46
95817	38.55	-121.45
95818	38.55	-121.49
95819	38.56	-121.43
95820	38.53	-121.44
95821	38.62	-121.38
95822	38.51	-121.49
95823	38.47	-121.44
95824	38.51	-121.44
95825	38.58	-121.4
95826	38.54	-121.38
95827	38.55	-121.32
95828	38.48	-121.4
95829	38.48	-121.34
95830	38.49	-121.27
95831	38.49	-121.53
95832	38.43	-121.51
95833	38.61	-121.49
95834	38.64	-121.54
95835	38.69	-121.56
95836	38.71	-121.54
95837	38.69	-121.6
95838	38.64	-121.44
95840	38.58	-121.49
95841	38.66	-121.35
95842	38.68	-121.34
95843	38.71	-121.36
95851	38.6	-121.44
95852	38.6	-121.44
95853	38.6	-121.44
95860	38.61	-121.38
95864	38.58	-121.37
95865	38.59	-121.4
95866	38.59	-121.4
95867	38.58	-121.49
95887	38.61	-121.36
95894	38.55	-121.49
95899	38.57	-121.52
95901	39.15	-121.47
95903	39.12	-121.39
95910	39.46	-120.84
95912	39.02	-122.04
95913	39.72	-122.14
95914	39.42	-121.36
95915	40	-121.24
95916	39.66	-121.38
95917	39.42	-121.67
95918	39.33	-121.33
95919	39.43	-121.25
95920	39.46	-121.93
95922	39.42	-121.11
95923	40.15	-121.12
95924	39.19	-121.02
95925	39.47	-121.19
95926	39.74	-121.83
95927	39.75	-121.81
95928	39.71	-121.81
95929	39.75	-121.8
95930	39.54	-121.16
95932	39.27	-122.05
95934	40.07	-120.92
95935	39.36	-121.2
95936	39.58	-120.79
95937	38.88	-122
95938	39.61	-121.77
95939	39.54	-122.57
95940	39.51	-121.55
95941	39.51	-121.23
95942	39.97	-121.64
95943	39.6	-122.02
95944	39.51	-120.94
95945	39.18	-120.98
95946	39.18	-121.2
95947	40.15	-120.84
95948	39.35	-121.76
95949	39.11	-121.12
95950	39.04	-121.9
95951	39.72	-122.05
95953	39.23	-121.78
95954	39.84	-121.6
95955	39.31	-122.17
95956	39.92	-121.05
95957	39.07	-121.84
95958	39.55	-121.77
95959	39.34	-120.87
95960	39.42	-120.99
95961	39.08	-121.55
95962	39.34	-121.23
95963	39.73	-122.33
95965	39.5	-121.67
95966	39.45	-121.39
95967	39.74	-121.6
95968	39.43	-121.55
95969	39.74	-121.61
95970	39.41	-122.04
95971	39.96	-121
95972	39.45	-121.31
95973	39.9	-121.83
95974	39.48	-121.73
95975	39.22	-121.15
95976	39.75	-121.86
95977	39.17	-121.29
95978	39.98	-121.53
95979	39.27	-122.46
95980	39.91	-121.33
95981	39.56	-121.1
95982	39.18	-121.81
95983	40.04	-120.75
95984	40.03	-121.08
95986	39.33	-120.79
95987	39.11	-122.27
95988	39.5	-122.28
95991	39.05	-121.61
95992	39.02	-121.61
95993	39.05	-121.73
96001	40.6	-122.46
96002	40.52	-122.32
96003	40.68	-122.25
96006	41.15	-120.89
96007	40.44	-122.35
96008	40.7	-122.09
96009	41.06	-121.11
96010	40.81	-123.25
96011	41.04	-121.89
96013	40.94	-121.74
96014	41.36	-122.77
96015	41.44	-120.94
96016	40.92	-121.57
96017	41.1	-122.35
96019	40.68	-122.37
96020	40.27	-121.24
96021	39.92	-122.28
96022	40.33	-122.45
96023	41.89	-121.74
96024	40.58	-122.86
96025	41.19	-122.26
96027	41.41	-123.02
96028	41.01	-121.47
96029	39.93	-122.48
96031	41.19	-123.2
96032	41.59	-122.96
96033	40.73	-122.6
96034	41.42	-122.67
96035	40.03	-122.17
96037	41.52	-122.95
96038	41.6	-122.54
96039	41.78	-123.47
96040	40.8	-121.46
96041	40.5	-123.19
96044	41.91	-122.49
96046	40.6	-123.4
96047	40.46	-122.7
96048	40.87	-123.1
96049	40.56	-122.29
96050	41.83	-122.92
96051	40.88	-122.38
96052	40.78	-122.84
96054	41.3	-121.1
96055	40.05	-122.07
96056	41.1	-121.34
96057	41.26	-122.1
96058	41.74	-121.89
96059	40.41	-121.84
96061	40.34	-121.46
96062	40.56	-122.07
96063	40.38	-121.57
96064	41.76	-122.39
96065	40.86	-121.91
96067	41.31	-122.32
96068	41.08	-121.19
96069	40.66	-122.03
96070	40.81	-122.32
96071	40.67	-121.47
96073	40.56	-122.2
96074	39.88	-122.58
96075	40.35	-121.86
96076	40.38	-122.91
96078	40.08	-122.17
96079	40.68	-122.34
96080	40.13	-122.43
96084	40.92	-122.02
96085	41.73	-123.04
96086	41.86	-123.22
96087	40.62	-122.5
96088	40.5	-121.8
96089	40.68	-122.4
96090	40.02	-122.13
96091	41.05	-122.78
96092	39.97	-122.02
96093	40.74	-122.93
96094	41.51	-122.36
96095	40.7	-122.6
96096	40.63	-121.87
96097	41.75	-122.67
96099	40.64	-122.5
96101	41.43	-120.53
96103	39.78	-120.65
96104	41.48	-120.14
96105	39.87	-120.2
96106	39.72	-120.57
96107	38.47	-119.48
96108	41.75	-120.4
96109	39.94	-120.06
96110	41.3	-120.1
96111	39.39	-120.02
96112	41.88	-120.11
96113	40.2	-120.19
96114	40.28	-120.5
96115	41.71	-120.23
96116	41.29	-120.44
96117	40.51	-120.31
96118	39.63	-120.21
96119	41.05	-120.49
96120	38.73	-119.84
96121	40.18	-120.36
96122	39.79	-120.46
96123	40.82	-120.28
96124	39.66	-120.43
96125	39.6	-120.65
96126	39.57	-120.34
96127	40.41	-120.65
96128	40.35	-120.38
96129	39.82	-120.37
96130	40.57	-120.61
96132	40.94	-120.64
96133	38.64	-119.48
96134	41.8	-121.46
96135	39.71	-120.21
96136	40.31	-120.2
96137	40.26	-121.02
96140	39.22	-120.08
96141	39.1	-120.19
96142	39.02	-120.14
96143	39.24	-120.04
96145	39.18	-120.14
96146	39.19	-120.22
96148	39.24	-120.05
96150	38.84	-120.01
96151	38.94	-119.97
96152	38.94	-119.97
96154	38.94	-119.97
96155	38.78	-120.07
96156	38.94	-119.97
96157	38.94	-119.97
96158	38.92	-119.96
96160	39.32	-120.18
96161	39.33	-120.24
96162	39.3	-120.31
96201	0	0
96202	0	0
96203	0	0
96204	0	0
96205	0	0
96206	0	0
96207	0	0
96209	0	0
96212	0	0
96213	0	0
96214	0	0
96215	0	0
96217	0	0
96218	0	0
96219	0	0
96220	0	0
96221	0	0
96224	0	0
96257	0	0
96258	0	0
96259	0	0
96260	0	0
96262	0	0
96264	0	0
96266	0	0
96267	0	0
96269	0	0
96271	0	0
96275	0	0
96276	0	0
96278	0	0
96283	0	0
96284	0	0
96297	0	0
96303	0	0
96306	0	0
96309	0	0
96310	0	0
96311	0	0
96313	0	0
96319	0	0
96321	0	0
96322	0	0
96323	0	0
96326	0	0
96328	0	0
96330	0	0
96336	0	0
96337	0	0
96338	0	0
96339	0	0
96343	0	0
96346	0	0
96347	0	0
96348	0	0
96349	0	0
96350	0	0
96351	0	0
96362	0	0
96365	0	0
96367	0	0
96368	0	0
96370	0	0
96372	0	0
96373	0	0
96374	0	0
96375	0	0
96376	0	0
96377	0	0
96378	0	0
96379	0	0
96384	0	0
96386	0	0
96387	0	0
96388	0	0
96400	0	0
96401	0	0
96426	0	0
96427	0	0
96444	0	0
96447	0	0
96501	0	0
96502	0	0
96503	0	0
96507	0	0
96510	0	0
96511	0	0
96515	0	0
96516	0	0
96517	0	0
96518	0	0
96520	0	0
96521	0	0
96522	0	0
96530	0	0
96531	0	0
96532	0	0
96534	0	0
96535	0	0
96536	0	0
96537	0	0
96538	0	0
96540	0	0
96541	0	0
96542	0	0
96543	0	0
96544	0	0
96546	0	0
96547	0	0
96548	0	0
96549	0	0
96550	0	0
96551	0	0
96552	0	0
96553	0	0
96554	0	0
96555	0	0
96557	0	0
96562	0	0
96577	0	0
96595	0	0
96598	0	0
96599	0	0
96601	0	0
96602	0	0
96603	0	0
96604	0	0
96605	0	0
96606	0	0
96607	0	0
96608	0	0
96609	0	0
96610	0	0
96611	0	0
96612	0	0
96613	0	0
96614	0	0
96615	0	0
96616	0	0
96617	0	0
96619	0	0
96620	0	0
96621	0	0
96622	0	0
96624	0	0
96628	0	0
96629	0	0
96634	0	0
96643	0	0
96650	0	0
96657	0	0
96660	0	0
96661	0	0
96662	0	0
96663	0	0
96664	0	0
96665	0	0
96666	0	0
96667	0	0
96668	0	0
96669	0	0
96670	0	0
96671	0	0
96672	0	0
96673	0	0
96674	0	0
96675	0	0
96677	0	0
96678	0	0
96679	0	0
96681	0	0
96682	0	0
96683	0	0
96686	0	0
96687	0	0
96698	0	0
96701	21.38	-157.92
96703	22.14	-159.31
96704	19.5	-155.9
96705	21.91	-159.58
96706	21.31	-158.01
96707	21.34	-158.08
96708	20.91	-156.32
96709	21.34	-158.08
96710	19.89	-155.12
96712	21.59	-158.1
96713	20.77	-155.99
96714	22.2	-159.5
96715	21.99	-159.35
96716	21.91	-159.59
96717	21.59	-157.92
96718	19.43	-155.26
96719	20.24	-155.83
96720	19.69	-155.08
96721	19.69	-155.08
96722	22.22	-159.48
96725	19.63	-155.92
96726	19.42	-155.91
96727	20.07	-155.46
96728	19.87	-155.11
96729	21.17	-157.07
96730	21.55	-157.85
96731	21.68	-157.94
96732	20.87	-156.45
96733	20.87	-156.45
96734	21.4	-157.73
96737	19.1	-155.76
96738	19.93	-155.79
96739	19.56	-155.96
96740	19.63	-155.99
96741	21.92	-159.52
96742	21.19	-156.98
96743	20.04	-155.7
96744	21.41	-157.79
96745	19.63	-155.99
96746	22.09	-159.35
96747	21.92	-159.62
96748	21.08	-157.01
96749	19.61	-155.04
96750	19.54	-155.88
96751	22.11	-159.31
96752	21.97	-159.71
96753	20.76	-156.45
96754	22.21	-159.41
96755	20.23	-155.81
96756	21.9	-159.46
96757	21.16	-157.05
96759	21.46	-158.06
96760	19.58	-155.07
96761	20.89	-156.67
96762	21.64	-157.92
96763	20.83	-156.92
96764	19.97	-155.24
96765	21.92	-159.5
96766	21.97	-159.35
96767	20.89	-156.67
96768	20.85	-156.32
96769	21.94	-159.66
96770	21.13	-157.21
96771	19.52	-155.14
96772	19.07	-155.57
96773	19.93	-155.16
96774	20.01	-155.28
96776	20.04	-155.37
96777	19.2	-155.48
96778	19.49	-154.94
96779	20.91	-156.37
96780	19.97	-155.22
96781	19.79	-155.09
96782	21.4	-157.96
96783	19.83	-155.1
96784	20.86	-156.45
96785	19.49	-155.23
96786	21.5	-158.02
96788	20.83	-156.34
96789	21.45	-158.01
96790	20.72	-156.34
96791	21.57	-158.12
96792	21.44	-158.18
96793	20.88	-156.5
96795	21.34	-157.72
96796	21.95	-159.67
96797	21.39	-158.01
96799	-14.27	-170.7
96801	21.3	-157.85
96802	21.3	-157.85
96803	21.3	-157.85
96804	21.3	-157.85
96805	21.3	-157.85
96806	21.3	-157.85
96807	21.3	-157.85
96808	21.3	-157.85
96809	21.3	-157.85
96810	21.3	-157.85
96811	21.3	-157.85
96812	21.3	-157.85
96813	21.3	-157.85
96814	21.3	-157.85
96815	21.3	-157.85
96816	21.3	-157.85
96817	21.3	-157.85
96818	21.3	-157.85
96819	21.3	-157.85
96820	21.3	-157.85
96821	21.3	-157.85
96822	21.3	-157.85
96823	21.3	-157.85
96824	21.3	-157.85
96825	21.3	-157.85
96826	21.3	-157.85
96827	21.31	-157.86
96828	21.3	-157.85
96830	21.3	-157.85
96835	21.35	-157.87
96836	21.3	-157.85
96837	21.3	-157.85
96838	21.3	-157.85
96839	21.3	-157.85
96840	21.3	-157.85
96841	21.3	-157.85
96843	21.3	-157.85
96844	21.3	-157.85
96846	21.3	-157.85
96847	21.3	-157.85
96848	21.3	-157.85
96849	21.3	-157.85
96850	21.3	-157.85
96853	21.31	-157.93
96854	21.48	-158.03
96857	21.49	-158.06
96858	21.35	-157.87
96859	21.36	-157.89
96860	21.36	-157.94
96861	21.39	-157.9
96863	21.43	-157.74
96898	21.32	-157.89
96910	13.47	144.74
96912	13.51	144.83
96913	13.46	144.79
96915	13.38	144.66
96916	13.26	144.66
96917	13.27	144.74
96919	13.46	144.74
96921	13.46	144.79
96923	13.43	144.79
96928	13.38	144.65
96929	13.53	144.88
96931	13.48	144.77
96932	13.47	144.74
96939	7.51	134.58
96940	7.5	134.5
96941	6.85	158.26
96942	7.33	151.8
96943	9.5	138.14
96944	5.29	162.97
96950	15.17	145.75
96951	14.15	145.21
96952	15	145.63
96960	7.11	171.18
96970	8.78	167.73
97001	44.95	-120.65
97002	45.23	-122.8
97004	45.25	-122.46
97005	45.49	-122.8
97006	45.52	-122.85
97007	45.44	-122.88
97008	45.45	-122.79
97009	45.42	-122.37
97010	45.55	-122.27
97011	45.36	-121.99
97013	45.21	-122.66
97014	45.61	-121.84
97015	45.41	-122.49
97016	46.06	-123.27
97017	45.17	-122.4
97018	45.89	-122.81
97019	45.51	-122.21
97020	45.22	-122.83
97021	45.4	-121.16
97022	45.34	-122.29
97023	45.2	-122.06
97024	45.54	-122.44
97026	45.11	-122.94
97027	45.38	-122.59
97028	45.27	-121.71
97029	45.28	-120.73
97030	45.5	-122.43
97031	45.61	-121.58
97032	45.18	-122.79
97033	45.08	-120.66
97034	45.4	-122.68
97035	45.41	-122.72
97036	45.39	-122.64
97037	45.04	-121.15
97038	45.07	-122.55
97039	45.41	-120.79
97040	45.6	-121.37
97041	45.43	-121.63
97042	45.2	-122.54
97044	45.62	-121.54
97045	45.32	-122.52
97048	46.04	-122.98
97049	45.36	-121.85
97050	45.66	-120.77
97051	45.88	-122.92
97053	45.81	-122.88
97054	45.94	-122.92
97055	45.38	-122.23
97056	45.8	-122.97
97057	44.98	-120.74
97058	45.54	-121.15
97060	45.52	-122.35
97062	45.36	-122.75
97063	45.22	-121.26
97064	45.88	-123.23
97065	45.59	-120.63
97067	45.3	-121.95
97068	45.34	-122.66
97070	45.3	-122.78
97071	45.13	-122.82
97075	45.49	-122.8
97076	45.49	-122.8
97077	45.49	-122.8
97078	45.48	-122.8
97080	45.47	-122.37
97086	45.44	-122.52
97089	45.42	-122.45
97101	45.1	-123.23
97102	45.84	-123.86
97103	46.12	-123.67
97106	45.66	-123.15
97107	45.58	-123.81
97108	45.27	-123.71
97109	45.73	-123.19
97110	45.92	-123.97
97111	45.29	-123.22
97112	45.22	-123.92
97113	45.52	-123.04
97114	45.19	-123.07
97115	45.26	-123.02
97116	45.55	-123.15
97117	45.61	-123.27
97118	45.56	-123.9
97119	45.47	-123.2
97121	46.17	-123.97
97122	45.17	-123.83
97123	45.44	-122.96
97124	45.58	-122.91
97125	45.65	-123.23
97127	45.24	-123.11
97128	45.19	-123.24
97130	45.77	-123.96
97131	45.7	-123.86
97132	45.32	-122.98
97133	45.67	-123.02
97134	45.45	-123.96
97135	45.19	-123.96
97136	45.62	-123.91
97137	45.2	-122.96
97138	45.92	-123.7
97140	45.35	-122.86
97141	45.46	-123.71
97143	45.43	-123.94
97144	45.74	-123.31
97145	45.86	-123.96
97146	46.12	-123.91
97147	45.68	-123.88
97148	45.36	-123.24
97149	45.1	-123.93
97201	45.5	-122.69
97202	45.47	-122.64
97203	45.61	-122.74
97204	45.51	-122.67
97205	45.51	-122.68
97206	45.48	-122.6
97207	45.52	-122.68
97208	45.53	-122.56
97209	45.53	-122.68
97210	45.55	-122.73
97211	45.57	-122.62
97212	45.54	-122.64
97213	45.53	-122.6
97214	45.51	-122.64
97215	45.51	-122.59
97216	45.51	-122.55
97217	45.58	-122.7
97218	45.57	-122.59
97219	45.45	-122.69
97220	45.55	-122.56
97221	45.49	-122.72
97222	45.44	-122.61
97223	45.44	-122.76
97224	45.4	-122.79
97225	45.49	-122.77
97227	45.54	-122.67
97228	45.53	-122.68
97229	45.55	-122.81
97230	45.54	-122.5
97231	45.73	-122.76
97232	45.52	-122.64
97233	45.51	-122.49
97236	45.46	-122.49
97238	45.57	-122.6
97239	45.48	-122.69
97240	45.5	-122.65
97242	45.48	-122.64
97251	45.52	-122.67
97253	45.52	-122.67
97254	45.52	-122.67
97255	45.52	-122.67
97256	45.51	-122.67
97258	45.51	-122.67
97259	45.52	-122.67
97266	45.46	-122.55
97267	45.4	-122.61
97268	45.41	-122.63
97269	45.44	-122.61
97271	45.52	-122.67
97272	45.52	-122.67
97280	45.45	-122.7
97281	45.44	-122.77
97282	45.48	-122.64
97283	45.53	-122.65
97286	45.48	-122.59
97290	45.57	-122.64
97291	45.54	-122.72
97292	45.51	-122.55
97293	45.51	-122.64
97294	45.54	-122.49
97296	45.53	-122.77
97298	45.5	-122.77
97299	45.54	-122.61
97301	44.9	-122.92
97302	44.9	-123.06
97303	45.01	-123.01
97304	45.02	-123.11
97305	45.01	-122.91
97306	44.84	-123.08
97307	45.01	-123.01
97308	44.89	-122.92
97309	44.92	-123.01
97310	44.91	-123
97311	44.94	-123.02
97312	44.89	-123.06
97313	45.03	-123.02
97314	44.96	-123
97317	44.9	-122.89
97321	44.62	-123.13
97322	44.63	-123
97324	44.35	-123.65
97325	44.82	-122.85
97326	44.62	-123.6
97327	44.38	-122.94
97329	44.44	-122.36
97330	44.63	-123.27
97331	44.56	-123.27
97333	44.46	-123.34
97335	44.63	-122.89
97336	44.35	-122.85
97338	44.92	-123.34
97339	44.56	-123.26
97341	44.81	-124.05
97342	44.73	-122.1
97343	44.57	-123.75
97344	44.87	-123.52
97345	44.39	-122.56
97346	44.74	-122.39
97347	45.06	-123.65
97348	44.38	-123.11
97350	44.64	-122.01
97351	44.83	-123.2
97352	44.75	-123.04
97355	44.52	-122.81
97357	44.74	-123.8
97358	44.82	-122.37
97360	44.74	-122.48
97361	44.78	-123.33
97362	45.06	-122.76
97364	44.99	-123.98
97365	44.66	-124.01
97366	44.56	-124.03
97367	44.94	-123.94
97368	45	-123.89
97369	44.74	-124.05
97370	44.59	-123.46
97371	44.99	-123.2
97372	45.01	-123.87
97373	45.05	-122.78
97374	44.68	-122.76
97375	44.96	-122.57
97376	44.5	-123.99
97377	44.45	-123.1
97378	45.1	-123.42
97380	44.77	-123.92
97381	44.95	-122.71
97383	44.81	-122.72
97384	44.79	-122.6
97385	44.86	-122.73
97386	44.36	-122.69
97388	44.88	-124.03
97389	44.54	-123.08
97390	44.32	-123.85
97391	44.6	-123.89
97392	44.79	-122.94
97394	44.45	-123.94
97396	45.13	-123.51
97401	44.06	-123.08
97402	44.04	-123.22
97403	44.03	-123.05
97404	44.1	-123.13
97405	43.92	-123.08
97406	42.59	-124.01
97407	43.42	-124.03
97408	44.13	-123.07
97409	44.12	-123.26
97410	42.78	-123.12
97411	43.05	-124.36
97412	44.17	-123.57
97413	44.05	-122.05
97414	42.96	-124.17
97415	42.13	-124.24
97416	43.05	-123.67
97417	42.94	-123.22
97419	44.18	-123.37
97420	43.37	-124.14
97423	43.2	-124.12
97424	43.71	-123.03
97425	43.47	-121.92
97426	43.9	-123.02
97427	43.68	-122.79
97428	43.74	-123.18
97429	42.97	-123.06
97430	44.16	-123.7
97431	43.88	-122.81
97432	43.16	-123.45
97434	43.7	-122.89
97435	43.71	-123.32
97436	43.64	-123.61
97437	44.09	-123.39
97438	43.94	-122.68
97439	44.12	-124
97440	44.05	-123.11
97441	43.76	-124.14
97442	42.79	-123.4
97443	43.24	-123
97444	42.45	-124.3
97446	44.27	-123.05
97447	43.26	-122.6
97448	44.21	-123.28
97449	43.58	-124.08
97450	42.91	-124.35
97451	43.82	-123.21
97452	43.85	-122.69
97453	44	-123.84
97454	44.21	-122.8
97455	43.96	-122.92
97456	44.34	-123.33
97457	43.05	-123.2
97458	43.06	-124.03
97459	43.48	-124.16
97461	44.09	-123.48
97462	43.47	-123.35
97463	43.74	-122.41
97464	42.5	-124.41
97465	42.72	-124.35
97466	42.84	-124.09
97467	43.79	-123.9
97469	42.91	-123.43
97470	43.21	-123.4
97471	43.24	-123.48
97472	43.79	-123.06
97473	43.69	-123.91
97475	44.05	-123.02
97476	42.87	-124.18
97477	44.05	-123
97478	44.1	-122.8
97479	43.41	-123.11
97480	44.12	-123.81
97481	43.1	-123.53
97482	44.05	-122.91
97484	42.91	-122.87
97486	43.35	-123.54
97487	43.97	-123.42
97488	44.13	-122.42
97489	44.13	-122.64
97490	44.02	-123.62
97491	42.45	-124.4
97492	43.74	-122.49
97493	43.92	-123.98
97494	43.32	-123.34
97495	43.29	-123.27
97496	43.05	-123.5
97497	42.66	-123.39
97498	44.32	-124
97499	43.57	-123.14
97501	42.28	-122.9
97502	42.39	-122.93
97503	42.56	-122.92
97504	42.33	-122.79
97520	42.15	-122.53
97522	42.53	-122.53
97523	42.11	-123.6
97524	42.46	-122.66
97525	42.48	-123.06
97526	42.53	-123.34
97527	42.37	-123.39
97528	42.43	-123.32
97530	42.18	-123.04
97531	42.2	-123.65
97532	42.56	-123.56
97533	42.33	-123.28
97534	42.04	-123.71
97535	42.26	-122.81
97536	42.82	-122.51
97537	42.54	-123.1
97538	42.26	-123.59
97539	42.61	-122.8
97540	42.2	-122.81
97541	42.72	-122.73
97543	42.4	-123.57
97544	42.14	-123.32
97601	42.31	-122.07
97602	42.19	-121.65
97603	42.16	-121.68
97604	42.92	-122.12
97620	42.1	-119.85
97621	42.49	-121.27
97622	42.37	-121
97623	42.21	-121.3
97624	42.72	-121.79
97625	42.34	-121.59
97626	42.64	-122.06
97627	42.09	-121.99
97630	42.38	-120.2
97632	42.04	-121.42
97633	42.04	-121.55
97634	42.13	-121.81
97635	41.96	-120.2
97636	42.61	-120.57
97637	42.54	-119.8
97638	43.18	-120.96
97639	42.43	-121.41
97640	42.86	-120.71
97641	43.24	-120.59
97701	44.07	-121.25
97702	43.98	-121.27
97707	43.83	-121.49
97708	44.07	-121.3
97709	44.06	-121.31
97710	42.17	-118.36
97711	44.7	-120.72
97712	43.74	-120.38
97720	43.59	-118.89
97721	42.86	-118.42
97722	42.91	-118.65
97730	44.47	-121.64
97731	43.23	-121.91
97732	43.4	-118.4
97733	43.42	-121.68
97734	44.47	-121.18
97735	43.32	-121.03
97736	42.72	-119.12
97737	43.51	-121.64
97738	43.44	-119.23
97739	43.69	-121.14
97741	44.6	-121.05
97750	44.66	-119.78
97751	44.11	-119.79
97752	44.05	-120.09
97753	44.23	-121.01
97754	44.1	-120.66
97756	44.26	-121.22
97758	43.58	-119.57
97759	44.41	-121.92
97760	44.41	-121.29
97761	44.82	-121.31
97801	45.73	-118.79
97810	45.71	-118.48
97812	45.55	-120.32
97813	45.83	-118.51
97814	44.81	-117.74
97817	44.7	-118.79
97818	45.77	-119.52
97819	44.5	-117.65
97820	44.22	-119.13
97823	45.28	-120.15
97824	45.35	-117.84
97825	44.46	-119.5
97826	45.66	-119.23
97827	45.61	-117.89
97828	45.67	-117.03
97830	44.9	-120.12
97833	44.94	-117.97
97834	44.94	-117.1
97835	45.9	-118.77
97836	45.31	-119.58
97837	44.52	-118.02
97838	45.85	-119.21
97839	45.57	-119.6
97840	44.99	-116.87
97841	45.47	-117.96
97842	45.46	-116.75
97843	45.49	-119.83
97844	45.86	-119.54
97845	44.42	-118.94
97846	45.3	-117.09
97848	44.69	-119.54
97850	45.32	-118.2
97856	44.8	-119.13
97857	45.37	-117.52
97859	45.52	-118.44
97861	45.71	-120.2
97862	45.9	-118.34
97864	44.81	-119.43
97865	44.44	-119.16
97867	45.05	-118.01
97868	45.39	-118.78
97869	44.38	-118.64
97870	44.79	-117.23
97873	44.12	-118.94
97874	44.77	-119.9
97875	45.8	-119.17
97876	45.52	-118.02
97877	44.75	-118.2
97880	45.09	-118.89
97882	45.9	-119.33
97883	45.15	-117.77
97884	44.47	-118.22
97885	45.56	-117.5
97886	45.8	-118.26
97901	43.59	-117.1
97902	42.91	-117.48
97903	44.15	-117.67
97904	43.81	-118.49
97905	44.6	-117.37
97906	43.86	-117.64
97907	44.45	-117.38
97908	44.32	-117.83
97909	44.24	-117.43
97910	42.96	-117.36
97911	43.72	-118.02
97913	43.73	-117.15
97914	44.08	-117.01
97917	43.5	-118.09
97918	44.03	-117.38
97920	44.03	-117.71
98001	47.3	-122.26
98002	47.31	-122.2
98003	47.3	-122.31
98004	47.61	-122.21
98005	47.62	-122.16
98006	47.55	-122.14
98007	47.62	-122.14
98008	47.6	-122.11
98009	47.61	-122.2
98010	47.32	-121.99
98011	47.74	-122.2
98012	47.84	-122.19
98013	47.38	-122.45
98014	47.64	-121.89
98015	47.61	-122.2
98019	47.73	-121.93
98020	47.8	-122.37
98021	47.79	-122.2
98022	47.1	-121.6
98023	47.3	-122.37
98024	47.58	-121.88
98025	47.43	-121.89
98026	47.83	-122.32
98027	47.5	-122
98028	47.75	-122.24
98029	47.55	-122
98030	47.36	-122.19
98031	47.4	-122.19
98032	47.39	-122.26
98033	47.67	-122.18
98034	47.72	-122.2
98035	47.38	-122.19
98036	47.8	-122.28
98037	47.85	-122.28
98038	47.4	-121.99
98039	47.62	-122.23
98040	47.56	-122.22
98041	47.75	-122.21
98042	47.36	-122.1
98043	47.79	-122.3
98045	47.44	-121.62
98046	47.83	-122.3
98047	47.25	-122.24
98050	47.53	-121.92
98051	47.34	-121.92
98052	47.68	-122.12
98053	47.66	-122.01
98054	47.34	-122.32
98055	47.46	-122.21
98056	47.51	-122.18
98057	47.48	-122.19
98058	47.43	-122.11
98059	47.49	-122.1
98061	47.65	-122.55
98062	47.46	-122.36
98063	47.3	-122.31
98064	47.39	-122.23
98065	47.53	-121.8
98068	47.42	-121.37
98070	47.42	-122.45
98071	47.25	-122.11
98072	47.75	-122.09
98073	47.67	-122.11
98074	47.62	-122.02
98075	47.58	-122.03
98077	47.75	-122.04
98082	47.85	-122.22
98083	47.68	-122.19
98087	47.85	-122.28
98089	47.38	-122.23
98092	47.28	-122.1
98093	47.3	-122.35
98101	47.61	-122.33
98102	47.63	-122.32
98103	47.67	-122.34
98104	47.6	-122.32
98105	47.66	-122.29
98106	47.54	-122.35
98107	47.66	-122.38
98108	47.54	-122.31
98109	47.63	-122.34
98110	47.64	-122.53
98111	47.61	-122.33
98112	47.63	-122.29
98113	47.61	-122.33
98114	47.58	-122.31
98115	47.68	-122.28
98116	47.57	-122.4
98117	47.68	-122.38
98118	47.54	-122.27
98119	47.63	-122.37
98121	47.61	-122.34
98122	47.61	-122.3
98124	47.57	-122.33
98125	47.71	-122.3
98126	47.55	-122.37
98127	47.61	-122.33
98129	47.61	-122.33
98131	47.46	-122.29
98132	47.46	-122.29
98133	47.73	-122.34
98134	47.57	-122.33
98136	47.53	-122.39
98138	47.47	-122.26
98139	47.61	-122.33
98141	47.61	-122.33
98144	47.58	-122.3
98145	47.65	-122.31
98146	47.49	-122.36
98148	47.44	-122.31
98151	47.6	-122.33
98154	47.6	-122.33
98155	47.75	-122.29
98158	47.44	-122.31
98160	47.77	-122.38
98161	47.6	-122.33
98164	47.6	-122.33
98165	47.61	-122.33
98166	47.44	-122.35
98168	47.48	-122.29
98170	47.61	-122.33
98171	47.6	-122.33
98174	47.6	-122.33
98175	47.61	-122.33
98177	47.73	-122.37
98178	47.49	-122.25
98181	47.61	-122.33
98184	47.6	-122.33
98185	47.66	-122.29
98188	47.44	-122.28
98189	47.42	-122.25
98190	47.5	-122.29
98191	47.61	-122.33
98194	47.61	-122.33
98195	47.65	-122.29
98198	47.38	-122.31
98199	47.65	-122.4
98201	47.98	-122.2
98203	47.94	-122.24
98204	47.89	-122.25
98205	48	-122.1
98206	47.92	-122.22
98207	47.96	-122.19
98208	47.9	-122.18
98213	47.97	-122.2
98220	48.7	-122.19
98221	48.46	-122.6
98222	48.56	-122.8
98223	48.18	-121.67
98224	47.73	-121.49
98225	48.73	-122.48
98226	48.79	-122.41
98227	48.8	-122.4
98228	48.74	-122.46
98229	48.68	-122.41
98230	48.93	-122.72
98231	48.99	-122.74
98232	48.56	-122.44
98233	48.53	-122.31
98235	48.46	-122.23
98236	47.95	-122.41
98237	48.56	-121.77
98238	48.33	-122.34
98239	48.18	-122.66
98240	48.94	-122.62
98241	48.19	-121.53
98243	48.62	-123.01
98244	48.8	-122.06
98245	48.65	-122.81
98247	48.9	-122.3
98248	48.86	-122.63
98249	48.01	-122.47
98250	48.53	-123.06
98251	47.86	-121.66
98252	48.05	-121.74
98253	48.09	-122.57
98255	48.52	-121.99
98256	47.84	-121.43
98257	48.41	-122.53
98258	48.04	-122.05
98259	48.16	-122.3
98260	48.04	-122.44
98261	48.49	-122.87
98262	48.69	-122.66
98263	48.52	-122.06
98264	48.95	-122.43
98266	48.95	-122.07
98267	48.44	-121.27
98270	48.05	-122.14
98271	48.09	-122.24
98272	47.87	-121.88
98273	48.42	-122.42
98274	48.36	-121.98
98275	47.91	-122.3
98276	48.92	-122.32
98277	48.32	-122.63
98278	48.28	-122.62
98279	48.63	-122.8
98280	48.61	-122.88
98281	48.98	-123.05
98282	48.16	-122.49
98283	48.56	-121.54
98284	48.59	-122.13
98286	48.57	-122.96
98287	48.19	-122.25
98288	47.64	-121.33
98290	47.94	-122
98291	47.92	-122.09
98292	48.21	-122.28
98293	47.86	-121.74
98294	47.85	-121.74
98295	48.94	-122.23
98296	47.85	-122.09
98297	48.69	-123.03
98303	47.15	-122.7
98304	46.77	-122
98305	48.05	-124.28
98310	47.59	-122.62
98311	47.63	-122.63
98312	47.57	-122.75
98314	47.55	-122.64
98315	47.72	-122.71
98320	47.69	-122.99
98321	47.13	-122.04
98322	47.41	-122.63
98323	47.01	-121.98
98324	48.1	-123.17
98325	47.97	-122.78
98326	48.17	-124.53
98327	47.09	-122.64
98328	46.86	-122.25
98329	47.37	-122.71
98330	46.76	-122.16
98331	47.79	-124.26
98332	47.36	-122.6
98333	47.24	-122.63
98335	47.29	-122.62
98336	46.53	-122.14
98337	47.56	-122.64
98338	47.01	-122.29
98339	48	-122.74
98340	47.91	-122.57
98342	47.75	-122.53
98343	48.13	-123.73
98344	46.98	-122.22
98345	47.69	-122.62
98346	47.81	-122.53
98348	46.82	-122.27
98349	47.28	-122.77
98350	47.9	-124.61
98351	47.2	-122.76
98352	47.16	-122.24
98353	47.55	-122.54
98354	47.25	-122.31
98355	46.71	-122.11
98356	46.57	-122.33
98357	48.33	-124.63
98358	48.05	-122.68
98359	47.43	-122.57
98360	47.03	-122.1
98361	46.56	-121.55
98362	47.99	-123.25
98363	48.02	-123.82
98364	47.85	-122.58
98365	47.89	-122.7
98366	47.54	-122.58
98367	47.46	-122.65
98368	48.03	-122.81
98370	47.75	-122.61
98371	47.19	-122.33
98372	47.22	-122.27
98373	47.14	-122.32
98374	47.12	-122.25
98375	47.1	-122.32
98376	47.82	-122.84
98377	46.47	-121.82
98378	47.54	-122.61
98380	47.58	-122.9
98381	48.29	-124.4
98382	48.06	-123.06
98383	47.67	-122.72
98384	47.52	-122.53
98385	47.13	-122.08
98386	47.51	-122.49
98387	47.05	-122.36
98388	47.21	-122.68
98390	47.17	-122.18
98391	47.18	-122.16
98392	47.72	-122.56
98393	47.62	-122.65
98394	47.31	-122.77
98395	47.36	-122.69
98396	47.1	-122.03
98397	46.75	-121.81
98398	46.77	-121.74
98401	47.25	-122.44
98402	47.26	-122.44
98403	47.26	-122.45
98404	47.2	-122.4
98405	47.24	-122.47
98406	47.26	-122.51
98407	47.29	-122.5
98408	47.19	-122.44
98409	47.21	-122.47
98411	47.22	-122.47
98412	47.17	-122.44
98413	47.2	-122.48
98415	47.25	-122.45
98416	47.26	-122.48
98417	47.24	-122.43
98418	47.22	-122.44
98419	47.19	-122.43
98421	47.26	-122.39
98422	47.28	-122.38
98424	47.23	-122.36
98430	47.25	-122.44
98431	47.05	-122.55
98433	47.05	-122.59
98438	47.25	-122.44
98439	47.12	-122.5
98442	47.14	-122.43
98443	47.2	-122.37
98444	47.15	-122.44
98445	47.13	-122.4
98446	47.13	-122.37
98447	47.14	-122.44
98448	47.25	-122.44
98450	47.25	-122.44
98455	47.25	-122.44
98460	47.25	-122.44
98464	47.22	-122.53
98465	47.24	-122.53
98466	47.22	-122.54
98467	47.2	-122.54
98471	47.25	-122.47
98477	47.25	-122.44
98481	47.22	-122.47
98490	47.2	-122.48
98492	47.12	-122.55
98493	47.05	-122.55
98496	47.17	-122.51
98497	47.18	-122.54
98498	47.15	-122.56
98499	47.16	-122.5
98501	46.97	-122.87
98502	47.1	-123.06
98503	47.02	-122.79
98504	47.02	-122.87
98505	47.07	-122.98
98506	47.1	-122.86
98507	47.03	-122.87
98508	47.03	-122.94
98509	47.03	-122.8
98511	46.95	-123.03
98512	46.94	-123.04
98513	46.98	-122.74
98516	47.11	-122.76
98520	46.88	-123.99
98522	46.57	-123.29
98524	47.37	-122.84
98526	47.47	-123.92
98527	46.63	-123.95
98528	47.43	-122.92
98530	46.78	-122.84
98531	46.74	-122.95
98532	46.62	-123
98533	46.59	-122.51
98535	47.09	-124.13
98536	47.16	-124.12
98537	46.85	-123.62
98538	46.47	-123.08
98539	46.63	-123.28
98540	46.96	-122.82
98541	47.1	-123.39
98542	46.51	-122.68
98544	46.74	-123.02
98546	47.32	-122.94
98547	46.79	-124.08
98548	47.42	-123.18
98550	47.11	-123.96
98552	47.32	-123.91
98554	46.55	-123.54
98555	47.52	-123.06
98556	46.9	-123.02
98557	47.03	-123.27
98558	46.93	-122.55
98559	46.95	-123.33
98560	47.22	-123.47
98561	46.62	-123.64
98562	47.25	-124.2
98563	47.17	-123.6
98564	46.48	-122.44
98565	46.57	-122.9
98566	47.41	-123.87
98568	46.83	-123.28
98569	46.97	-124.14
98570	46.6	-122.67
98571	47.21	-124.19
98572	46.57	-123.29
98575	47.44	-123.77
98576	46.87	-122.66
98577	46.64	-123.63
98579	46.8	-123.14
98580	46.98	-122.47
98581	46.36	-123.07
98582	46.51	-122.63
98583	47	-123.48
98584	47.23	-123.2
98585	46.55	-122.46
98586	46.56	-123.88
98587	47.31	-124.22
98588	47.44	-123.02
98589	46.84	-122.85
98590	46.74	-123.99
98591	46.45	-122.76
98592	47.33	-123.06
98593	46.41	-122.99
98595	46.87	-124.11
98596	46.48	-122.87
98597	46.87	-122.57
98599	46.99	-122.87
98601	45.93	-122.44
98602	45.85	-121.28
98603	46.01	-122.47
98604	45.8	-122.48
98605	45.77	-121.66
98606	45.73	-122.45
98607	45.64	-122.37
98609	46.07	-122.86
98610	45.79	-121.89
98611	46.29	-122.95
98612	46.22	-123.31
98613	45.74	-120.93
98614	46.28	-123.91
98616	46.08	-122.28
98617	45.66	-121.13
98619	45.98	-121.27
98620	45.84	-120.76
98621	46.35	-123.6
98622	45.82	-122.48
98623	45.8	-121.46
98624	46.31	-123.99
98625	46.01	-122.7
98626	46.14	-122.8
98628	45.84	-121.04
98629	45.87	-122.61
98631	46.39	-124.03
98632	46.19	-123.05
98635	45.72	-121.16
98637	46.49	-124.03
98638	46.36	-123.75
98639	45.67	-121.96
98640	46.54	-124.04
98641	46.56	-124.03
98642	45.79	-122.69
98643	46.29	-123.63
98644	46.33	-124.05
98645	46.32	-122.78
98647	46.28	-123.44
98648	45.7	-121.72
98649	46.31	-122.69
98650	45.97	-121.53
98651	45.74	-121.58
98660	45.72	-122.74
98661	45.64	-122.63
98662	45.68	-122.57
98663	45.65	-122.66
98664	45.62	-122.57
98665	45.67	-122.66
98666	45.71	-122.59
98667	45.63	-122.66
98668	45.71	-122.62
98670	45.85	-121.14
98671	45.61	-122.23
98672	45.82	-121.46
98673	45.66	-120.92
98674	45.94	-122.67
98675	45.83	-122.38
98682	45.67	-122.47
98683	45.6	-122.51
98684	45.63	-122.52
98685	45.7	-122.69
98686	45.72	-122.61
98687	45.63	-122.52
98801	47.37	-120.35
98802	47.49	-120.19
98807	47.37	-120.29
98811	47.72	-120.36
98812	48.15	-119.82
98813	47.97	-119.59
98814	48.23	-120.28
98815	47.55	-120.48
98816	47.89	-119.99
98817	47.79	-119.99
98819	48.55	-119.81
98821	47.54	-120.55
98822	47.79	-120.44
98823	47.27	-119.59
98824	47.07	-119.85
98826	47.81	-120.86
98827	48.87	-119.73
98828	47.32	-120.19
98829	48.3	-119.77
98830	47.89	-119.5
98831	47.97	-120.15
98832	47.27	-119.04
98833	48.59	-120.39
98834	48.14	-120.05
98836	47.47	-120.41
98837	47.19	-119.3
98840	48.22	-119.45
98841	48.36	-119.27
98843	47.72	-120.15
98844	48.87	-119.22
98845	47.38	-119.96
98846	48.05	-120.05
98847	47.51	-120.62
98848	47.17	-119.8
98849	48.56	-119.35
98850	47.35	-120.05
98851	47.41	-119.43
98852	48.34	-120.7
98853	47.44	-119.27
98855	48.68	-119.3
98856	48.32	-119.93
98857	47.01	-119.12
98858	47.69	-119.88
98859	48.82	-118.95
98860	47.46	-119.14
98862	48.5	-120.33
98901	46.71	-120.42
98902	46.59	-120.53
98903	46.54	-120.76
98904	46.6	-120.5
98907	46.59	-120.52
98908	46.62	-120.69
98909	46.54	-120.64
98920	46.4	-120.6
98921	46.42	-120.29
98922	47.2	-120.9
98923	46.66	-120.79
98925	47.35	-121.27
98926	46.97	-120.47
98929	46.74	-121.14
98930	46.26	-119.9
98932	46.32	-120.15
98933	46.4	-120.64
98934	46.98	-120.41
98935	46.15	-120.09
98936	46.52	-120.2
98937	46.78	-120.88
98938	46.37	-120.09
98939	46.49	-120.46
98940	47.25	-121.05
98941	47.23	-121
98942	46.76	-120.68
98943	47.18	-120.97
98944	46.44	-119.91
98946	47.08	-120.71
98947	46.71	-120.76
98948	46.28	-120.25
98950	46.86	-119.99
98951	46.45	-120.51
98952	46.36	-120.78
98953	46.41	-120.23
99001	47.64	-117.56
99003	47.92	-117.28
99004	47.43	-117.62
99005	47.84	-117.35
99006	47.99	-117.5
99008	47.51	-117.92
99009	48.01	-117.22
99011	47.61	-117.65
99012	47.39	-117.18
99013	47.91	-117.8
99014	47.56	-117.59
99016	47.63	-117.14
99017	47.16	-117.84
99018	47.3	-117.14
99019	47.63	-117.09
99020	47.56	-117.49
99021	47.83	-117.21
99022	47.61	-117.7
99023	47.54	-117.15
99025	47.77	-117.09
99026	47.8	-117.62
99027	47.72	-117.17
99029	47.69	-117.86
99030	47.48	-117.14
99031	47.44	-117.35
99032	47.25	-118.04
99033	47.24	-117.11
99034	47.89	-117.76
99036	47.53	-117.26
99037	47.62	-117.18
99039	47.31	-117.24
99040	47.89	-117.99
99101	48.32	-117.91
99102	46.79	-117.25
99103	47.72	-118.93
99104	47.08	-117.16
99105	46.88	-118.15
99107	48.99	-118.21
99109	48.26	-117.76
99110	48.03	-117.57
99111	46.85	-117.44
99113	46.56	-117.22
99114	48.67	-117.75
99115	47.66	-119.43
99116	48.03	-118.94
99117	47.71	-118.51
99118	48.87	-118.63
99119	48.51	-117.37
99121	48.94	-118.46
99122	47.67	-118.19
99123	47.87	-119.08
99124	48	-118.95
99125	46.95	-117.73
99126	48.72	-117.96
99128	47.11	-117.07
99129	48	-118.2
99130	46.99	-117.16
99131	48.29	-118.09
99133	47.99	-119
99134	47.42	-118.4
99135	47.68	-119.12
99136	46.65	-117.91
99137	48.17	-118.12
99138	48.2	-118.24
99139	48.69	-117.29
99140	48.1	-118.71
99141	48.74	-118.09
99143	46.73	-117.87
99144	47.35	-118.48
99146	48.95	-118.28
99147	47.83	-118.46
99148	48.09	-117.58
99149	47.22	-117.45
99150	48.81	-118.61
99151	48.66	-118.06
99152	48.84	-117.39
99153	48.89	-117.21
99154	47.36	-118.35
99155	48.21	-119.04
99156	48.15	-117.24
99157	48.93	-117.77
99158	47.12	-117.25
99159	47.34	-118.66
99160	48.78	-118.2
99161	46.88	-117.15
99163	46.72	-117.18
99164	46.72	-117.15
99165	46.73	-117.17
99166	48.59	-118.7
99167	48.42	-118.11
99169	47.07	-118.47
99170	47.25	-117.38
99171	47.1	-117.64
99173	48.02	-117.85
99174	47	-117.35
99176	47.09	-117.39
99179	46.51	-117.13
99180	48.3	-117.36
99181	48.14	-117.76
99185	47.72	-118.7
99201	47.66	-117.43
99202	47.65	-117.37
99203	47.62	-117.4
99204	47.64	-117.43
99205	47.69	-117.45
99206	47.63	-117.25
99207	47.69	-117.38
99208	47.78	-117.45
99209	47.69	-117.44
99210	47.65	-117.42
99211	47.66	-117.31
99212	47.65	-117.31
99213	47.65	-117.29
99214	47.71	-117.2
99215	47.69	-117.2
99216	47.69	-117.19
99217	47.74	-117.25
99218	47.75	-117.43
99219	47.63	-117.54
99220	47.64	-117.41
99223	47.59	-117.35
99224	47.63	-117.55
99228	47.79	-117.38
99251	47.75	-117.42
99252	47.65	-117.37
99256	47.66	-117.42
99258	47.66	-117.4
99260	47.66	-117.42
99299	47.65	-117.42
99301	46.41	-118.9
99302	46.25	-119.08
99320	46.24	-119.49
99321	46.87	-119.81
99322	45.92	-120.19
99323	46.22	-118.82
99324	46.04	-118.4
99326	46.66	-118.9
99328	46.31	-117.9
99329	46.15	-118.18
99330	46.5	-119.05
99333	46.75	-118.14
99335	46.66	-118.56
99336	46.21	-119.16
99337	46.07	-119.08
99338	46.16	-119.25
99341	46.9	-118.68
99343	46.58	-119.15
99344	46.8	-119.15
99345	45.94	-119.66
99346	46	-119.18
99347	46.44	-117.54
99348	46.35	-118.47
99349	46.72	-119.73
99350	46.12	-119.68
99352	46.32	-119.32
99353	46.31	-119.37
99354	46.35	-119.32
99356	45.85	-120.34
99357	46.9	-119.66
99359	46.55	-118.19
99360	46.12	-118.64
99361	46.22	-118.15
99362	46.11	-118.3
99363	46.06	-118.89
99371	46.82	-118.32
99401	46.08	-117.27
99402	46.17	-117.16
99403	46.36	-117.22
99501	61.22	-149.85
99502	61.16	-149.99
99503	61.18	-149.88
99504	61.17	-149.63
99505	61.31	-149.65
99506	61.27	-149.79
99507	61.14	-149.76
99508	61.2	-149.82
99509	61.17	-149.88
99510	61.22	-149.88
99511	61.11	-149.86
99513	61.21	-149.88
99514	61.2	-149.82
99515	61.11	-149.9
99516	61.08	-149.7
99517	61.19	-149.94
99518	61.15	-149.88
99519	61.19	-149.98
99520	61.21	-149.86
99521	61.2	-149.74
99522	61.15	-149.92
99523	61.16	-149.83
99524	61.18	-149.89
99529	61.18	-149.98
99530	61.26	-149.97
99540	61	-149.43
99545	60.78	-161.79
99546	51.9	-176.67
99547	52.23	-174.16
99548	56.23	-158.74
99549	57.09	-158.26
99550	57.9	-153.04
99551	60.87	-161.42
99552	60.9	-161.29
99553	54.13	-165.88
99554	62.44	-164.38
99555	59.24	-158.62
99556	59.82	-151.59
99557	61.2	-158.6
99558	62.63	-160.2
99559	60.93	-161.8
99561	60.15	-164.06
99563	61.56	-165.38
99564	56.3	-158.36
99565	56.3	-158.49
99566	61.45	-143.15
99567	61.41	-149.17
99568	60.21	-151.4
99569	58.83	-158.53
99571	55.92	-160.29
99572	60.49	-149.82
99573	61.68	-145.14
99574	60.79	-145.61
99575	61.86	-157.99
99576	58.82	-157.86
99577	61.21	-149.25
99578	60.19	-162.13
99579	58.37	-156.8
99580	59.35	-157.48
99581	62.69	-162.96
99583	54.83	-163.65
99585	61.87	-162.05
99586	62.41	-143.41
99587	60.9	-148.91
99588	62.1	-145.53
99589	59.19	-161.71
99590	62.89	-160.1
99591	56.57	-169.63
99599	61.21	-149.86
99602	62.18	-159.84
99603	59.4	-151.32
99604	61.6	-165.74
99605	60.84	-149.4
99606	59.52	-154.4
99607	61.61	-160.2
99608	57.6	-154.33
99609	60.87	-162.54
99610	60.28	-151.26
99611	60.66	-150.9
99612	55.08	-162.32
99613	58.75	-156.54
99614	59.93	-164.06
99615	57.79	-152.4
99619	57.79	-152.4
99620	62.84	-163.65
99621	60.79	-161.42
99622	59.87	-163.18
99623	61.61	-149.58
99624	57.48	-153.99
99625	58.95	-156.48
99626	61.51	-160.36
99627	62.51	-154.44
99628	58.88	-158.93
99629	61.58	-149.44
99630	60.08	-166.48
99631	60.57	-149.45
99632	62.09	-163.71
99633	58.8	-156.73
99634	60.67	-162.01
99635	60.91	-150.7
99636	59.47	-157.27
99637	60.54	-165.14
99638	52.99	-168.82
99639	60.07	-151.42
99640	59.96	-154.87
99641	60.88	-162.32
99643	57.21	-153.32
99644	57.93	-152.42
99645	61.6	-148.46
99647	59.86	-154.03
99648	55.9	-159.27
99649	57.83	-157.13
99650	61.94	-162.88
99651	58.96	-161.74
99652	61.46	-150.09
99653	60.46	-154.19
99654	61.52	-149.57
99655	59.81	-161.71
99656	61.66	-157.69
99657	61.81	-161.44
99658	62.06	-163.29
99659	63.47	-162.11
99660	57.18	-170.26
99661	55.26	-160.66
99662	61.74	-165.47
99663	59.39	-151.66
99664	60.05	-149.33
99665	62.64	-159.53
99666	62.09	-165.18
99667	61.93	-151.73
99668	61.31	-157.42
99669	60.32	-150.79
99670	58.67	-156.98
99671	63.47	-162.28
99672	60.54	-150.79
99674	61.86	-148.29
99675	62.97	-156.08
99676	62.42	-148.76
99677	60.88	-146.65
99678	59.21	-160.54
99679	61.06	-160.36
99680	60.41	-162.65
99681	60.6	-165.13
99682	61.08	-151.16
99683	62.69	-151.07
99684	64.09	-160.36
99685	53.9	-166.4
99686	61.4	-145.66
99687	61.36	-150.07
99688	61.89	-149.73
99689	59.51	-139.71
99690	60.49	-164.81
99691	62.87	-153.87
99692	53.89	-166.53
99693	60.28	-148.3
99694	61.66	-149.68
99695	61.45	-150.63
99697	57.55	-153.43
99701	64.81	-147.72
99702	64.67	-147.04
99703	64.81	-147.62
99704	64.28	-149.19
99705	64.77	-147.33
99706	64.83	-147.88
99707	64.83	-147.69
99708	64.87	-147.89
99709	64.9	-148.16
99710	64.91	-147.56
99711	64.81	-147.57
99712	64.93	-146.61
99714	64.37	-146.59
99716	64.87	-146.87
99720	66.57	-152.95
99721	68.15	-151.71
99722	68.09	-145.57
99723	71.28	-156.78
99724	66.32	-146.77
99725	64.85	-148.02
99726	67.24	-152.27
99727	65.97	-161.13
99729	63.33	-148.33
99730	65.47	-145.19
99731	64.04	-145.73
99732	63.86	-142.12
99733	65.79	-144.2
99734	70.01	-148.88
99736	66.07	-162.73
99737	63.7	-144.89
99738	64.43	-141.22
99739	64.63	-162.34
99740	66.56	-145.25
99741	64.74	-156.85
99742	63.75	-171.69
99743	64.01	-148.35
99744	64.2	-148.97
99745	66.05	-154.24
99746	65.69	-156.35
99747	70.12	-143.66
99748	63.81	-159.67
99749	66.97	-160.43
99750	67.73	-164.55
99751	66.93	-156.88
99752	67.24	-161.19
99753	64.93	-161.14
99754	65.04	-158.66
99755	63.64	-148.81
99756	64.65	-150.9
99757	63.81	-152.25
99758	65.09	-149.64
99759	69.73	-162.82
99760	64.47	-148.57
99761	67.57	-163
99762	64.71	-164.62
99763	66.83	-161.03
99764	63	-141.69
99765	64.72	-158.11
99766	68.34	-166.67
99767	65.4	-150.2
99768	64.79	-153.87
99769	63.68	-170.49
99770	66.59	-160.02
99771	64.25	-160.91
99772	66.02	-165.91
99773	66.88	-157.15
99774	66.01	-149.07
99775	64.86	-147.82
99776	63.38	-143.39
99777	65.18	-152.07
99778	65.25	-166.36
99779	63.13	-142.53
99780	63.66	-143.19
99781	67	-146.37
99782	70.63	-159.96
99783	65.61	-168.09
99784	64.64	-163.73
99785	65.44	-166.56
99786	67.08	-157.9
99788	66.64	-143.78
99789	69.83	-152.14
99790	64.51	-147.66
99791	70.48	-157.39
99801	58.58	-134.77
99802	58.3	-134.42
99803	58.37	-134.59
99811	58.47	-134.15
99812	58.28	-134.4
99820	57.44	-134.48
99821	58.3	-134.42
99824	58.23	-134.38
99825	58.1	-136.29
99826	58.42	-135.78
99827	59.16	-135.86
99829	58.08	-135.43
99830	56.79	-134.19
99832	57.95	-136.11
99833	57.05	-132.62
99835	56.73	-135
99836	56.21	-134.66
99840	59.57	-135.35
99841	57.83	-135.13
99850	58.43	-135.38
99901	55.61	-131.58
99903	55.68	-132.19
99918	55.97	-132.74
99919	55.57	-132.39
99921	55.46	-132.83
99922	55.2	-132.81
99923	55.97	-130.04
99925	55.54	-132.96
99926	55.14	-131.49
99927	56.3	-133.57
99928	55.45	-131.79
99929	55.95	-131.96
99950	55.34	-131.64
